职位id,关系,公司名称
0,所属公司,广东倾云科技有限公司
1,所属公司,火眼科技（天津）有限公司
2,所属公司,郑州玉带信息技术有限责任公司
3,所属公司,广东天勤科技有限公司
4,所属公司,武汉赢月网络科技有限公司
5,所属公司,陕西润古网络科技有限公司
6,所属公司,江西天华新瑞信息技术有限公司南昌分公司
7,所属公司,遵义小红椒网络科技有限公司
8,所属公司,广州小檬信息科技有限公司
9,所属公司,娄底宇麒科技有限责任公司
10,所属公司,南阳市微企胜网络科技有限公司
11,所属公司,贵州黔狐科技股份有限公司
12,所属公司,深圳市芒果松科技有限公司
13,所属公司,长春信航科技有限公司
14,所属公司,上海奇杲科技有限公司
15,所属公司,上海信栖网络科技有限公司
16,所属公司,浙江星河微网能源科技有限公司
17,所属公司,潮州市鲁迪信息科技有限公司
18,所属公司,贵州动点世纪科技有限公司
19,所属公司,福州一瓦教育科技有限公司
20,所属公司,深圳市小河狸科技有限公司
21,所属公司,广西云创引力信息科技有限公司
22,所属公司,南昌市云科信息技术有限公司
23,所属公司,南京速码信息科技有限公司
24,所属公司,遵义云讯网络科技有限责任公司
25,所属公司,微趣软件（无锡）有限公司
26,所属公司,西安开拓电气有限公司
27,所属公司,福州万悉地网络科技有限公司
28,所属公司,西安拾久网络科技有限公司
29,所属公司,北京中环宏图软件有限公司
30,所属公司,广西杰思信息科技有限公司
31,所属公司,吉林省云领科技有限公司
32,所属公司,佛山市尚品优品科技有限公司
33,所属公司,龙岩市新罗区创和智联贸易有限公司
34,所属公司,吉林省集星科技有限公司
35,所属公司,广州豆苗信息科技有限公司
36,所属公司,华勤技术股份有限公司
37,所属公司,广元匠艺软件开发有限公司
38,所属公司,福州乐焰数据科技有限公司
39,所属公司,河北润华工程建设设计有限公司
40,所属公司,长春弘毅通信科技有限公司
41,所属公司,广州漫薪网络科技有限公司
42,所属公司,广州八斗软件科技有限公司
43,所属公司,南京苏艾科软件技术有限公司
44,所属公司,西安仟佰字码信息技术服务有限公司
45,所属公司,重庆东磐科技有限公司
46,所属公司,纳思达科技（大连）有限公司
47,所属公司,深圳摩米贝尔科技有限公司
48,所属公司,南昌象牙网络科技有限公司
49,所属公司,宜阳县七度软件开发工作室
50,所属公司,辽宁瑞丰自动控制有限公司
51,所属公司,海之诺传媒（大连）有限公司
52,所属公司,山西灿森网络科技有限公司
53,所属公司,浙江衢州鹿鸣信息技术有限公司
54,所属公司,湖北朋悦科技集团有限公司
55,所属公司,先之（杭州）教育科技有限公司
56,所属公司,广西依客科技有限公司
57,所属公司,安庆市宾利知识产权运营管理有限公司
58,所属公司,江西莫比乌斯科技有限公司
59,所属公司,吉奥时空信息技术股份有限公司
60,所属公司,北京熵比特科技有限公司
61,所属公司,重庆夸米网络科技有限公司
62,所属公司,山东翔卡电子商务有限公司
63,所属公司,太原言必行科技有限责任公司
64,所属公司,天津联筑建筑科技有限公司
65,所属公司,内蒙古安洛凯工程技术咨询有限公司
66,所属公司,北京睿智皓天微电子科技有限公司
67,所属公司,重庆领达信息技术有限公司
68,所属公司,北京智源视界科技有限公司
69,所属公司,镇江拓蝶软件科技有限公司
70,所属公司,自贡兴建建设项目管理有限公司
71,所属公司,宿州仕良信息科技有限公司
72,所属公司,武汉世纪先锋网络技术有限公司
73,所属公司,东营市传智信息技术有限公司
74,所属公司,河北云猫众创空间有限公司
75,所属公司,易视线（厦门）科技有限公司
76,所属公司,北京尔希科技有限公司
77,所属公司,佛山市亿货郎电子商务有限公司
78,所属公司,成都华企网通科技有限公司
79,所属公司,广西栗鼠科技有限公司
80,所属公司,海南金轩企业管理有限公司
81,所属公司,上海虎联信息科技有限公司
82,所属公司,长春市飞秋科技有限公司
83,所属公司,柳州市光迅科技有限责任公司
84,所属公司,深圳市培林体育科技有限公司
85,所属公司,肇庆云虫科技有限公司
86,所属公司,成都虚世地理科技有限公司
87,所属公司,青岛康裕达科技有限公司
88,所属公司,杭州陆港科技有限公司
89,所属公司,湖北致慧信息技术有限公司
90,所属公司,福州知止网络技术有限公司
91,所属公司,"
巴尔瑙尔科技"
92,所属公司,福州一城信息科技有限公司
93,所属公司,上海逐一软件科技有限公司
94,所属公司,中地设计集团有限公司朝阳分公司
95,所属公司,浙江云会科技有限公司
96,所属公司,大理市云桥宽频信息科技有限责任公司
97,所属公司,浙江众启网络科技有限公司
98,所属公司,深圳市掌控移动软件有限公司
99,所属公司,舟山市唯芸社信息科技有限公司
100,所属公司,山东铝谷数据科技有限公司
101,所属公司,广东康顺健康管理有限公司
102,所属公司,"
淘鱼科技
"
103,所属公司,四川瑞晨消防工程有限公司
104,所属公司,南昌乐酷科技有限公司
105,所属公司,西安平衡语言科技有限公司
106,所属公司,山西润源项目管理咨询有限公司
107,所属公司,江西优尚科技有限公司
108,所属公司,广西国信云服科技有限公司
109,所属公司,嘉兴想天信息科技有限公司
110,所属公司,陕西中源纵横造价咨询有限公司
111,所属公司,河北洲德信息技术有限公司
112,所属公司,沈阳柏瑞思科技有限公司
113,所属公司,深圳千知鱼文化设计有限公司
114,所属公司,青岛铭尚电子信息工程有限公司
115,所属公司,珠海市朝为软件科技有限公司
116,所属公司,深圳三极丰科技有限公司
117,所属公司,江西领域建筑设计有限公司
118,所属公司,秦皇岛市易讯科技开发有限公司
119,所属公司,苏州尚榜网络科技有限公司
120,所属公司,惠州市云网客网络科技有限公司
121,所属公司,石家庄沃龙软件服务有限公司
122,所属公司,通化北创控股（集团）有限公司
123,所属公司,先之（杭州）教育科技有限公司
124,所属公司,深圳市速易连科技有限公司
125,所属公司,浙江众启网络科技有限公司
126,所属公司,陕西中源纵横造价咨询有限公司
127,所属公司,秦皇岛市易讯科技开发有限公司
128,所属公司,沈阳天悦网络科技有限公司
129,所属公司,广东绿建联能源环境科技有限公司
130,所属公司,吉林省十全十美文化发展有限公司
131,所属公司,邢台易优网络科技有限公司
132,所属公司,深圳市思承电子有限公司
133,所属公司,马鞍山安益网络科技有限公司
134,所属公司,上海积象网络科技有限公司宁强分公司
135,所属公司,大连亿坊电子商务有限公司
136,所属公司,西安快邦云科信息技术有限公司
137,所属公司,自贡兴建建设项目管理有限公司
138,所属公司,河南图萤网络科技有限公司
139,所属公司,"
广西子森
"
140,所属公司,绍兴小坡孩信息技术有限公司
141,所属公司,沈阳众兴信息网络工程有限公司
142,所属公司,山西长创科技有限公司
143,所属公司,漳州堡垒信息技术有限公司
144,所属公司,上海思鎏网络科技有限公司
145,所属公司,成都虚世地理科技有限公司
146,所属公司,四川准达信息技术股份有限公司
147,所属公司,嘉兴市谷泰信息技术有限公司
148,所属公司,广东东升信息技术有限公司
149,所属公司,江苏炫动科技有限公司
150,所属公司,重庆玲鲲科技有限公司
151,所属公司,南昌优毅云科技有限公司
152,所属公司,山西神剑建设监理有限公司
153,所属公司,福州乐焰数据科技有限公司
154,所属公司,长春信航科技有限公司
155,所属公司,深圳千知鱼文化设计有限公司
156,所属公司,上海阳橙信息科技有限公司
157,所属公司,大连智趣信息技术有限公司
158,所属公司,湖南白杨网络科技有限公司
159,所属公司,石家庄悦凡广告传媒有限公司
160,所属公司,北京智源视界科技有限公司
161,所属公司,广州魔晶教育科技有限公司
162,所属公司,江门市铂睿科技有限公司
163,所属公司,保定云舟网络科技有限公司
164,所属公司,福州万悉地网络科技有限公司
165,所属公司,西安语博仕教育科技有限责任公司
166,所属公司,上海信联信息发展股份有限公司
167,所属公司,重庆万佳电子信息有限责任公司
168,所属公司,深圳市听音科技有限公司
169,所属公司,"
淘鱼科技
"
170,所属公司,河北金地科技发展集团有限公司
171,所属公司,成都启慧智能科技有限公司
172,所属公司,山西世纪同兴科技股份有限公司
173,所属公司,贵州老师傅到家科技有限公司
174,所属公司,深圳市泰通新智信息技术有限公司
175,所属公司,深圳市小蜜蜂软件有限公司
176,所属公司,哈尔滨华途科技有限公司
177,所属公司,丹东盘古网络技术有限公司
178,所属公司,泉州丰泽长庚医院有限公司
179,所属公司,四川省图南鸟网络科技有限公司
180,所属公司,柳州箩筐信息科技有限公司
181,所属公司,深圳市培林体育科技有限公司
182,所属公司,易模塑科技（深圳）有限公司
183,所属公司,杭州酷趣文化创意有限公司
184,所属公司,重庆特优学科技有限公司
185,所属公司,深圳市布尔达科技有限公司
186,所属公司,赤峰智展信息技术有限公司
187,所属公司,长沙爱和自由文化传播有限公司
188,所属公司,哈尔滨顺茂科技开发有限公司
189,所属公司,东营阅客信息科技有限公司
190,所属公司,成都创兑行信息技术有限公司
191,所属公司,沈阳奥达易通科技有限公司
192,所属公司,蜂享科技（海南）有限公司
193,所属公司,"
融途信息
"
194,所属公司,河北七分科技有限公司
195,所属公司,火眼科技（天津）有限公司
196,所属公司,遵化市金标科技有限公司
197,所属公司,厦门闽亿金服科技有限公司
198,所属公司,汕头市讯博信息科技有限公司
199,所属公司,福州市从古网络科技有限公司
200,所属公司,南京聚众体育科技发展有限公司
201,所属公司,河南塘报文化传播有限公司
202,所属公司,广州非格科技有限公司
203,所属公司,"
辽宁茅汇联和
"
204,所属公司,大连摩呵科技有限公司
205,所属公司,中伦建筑工程设计有限公司川北设计院
206,所属公司,东莞豪马工业设计有限公司
207,所属公司,哈尔滨亚典科技有限责任公司
208,所属公司,河北云猫众创空间有限公司
209,所属公司,内蒙古中采信息技术服务有限公司
210,所属公司,云南软友科技有限公司
211,所属公司,江苏鲁班网络科技有限公司
212,所属公司,河北懋谷网络科技有限公司
213,所属公司,上海创知信网络科技有限公司
214,所属公司,江苏古河文化科技有限公司
215,所属公司,山西灿森网络科技有限公司
216,所属公司,山西弘承云志科技有限公司
217,所属公司,大连宏腾科技有限公司
218,所属公司,河北洲德信息技术有限公司
219,所属公司,乌鲁木齐佑安信达企业管理咨询有限公司
220,所属公司,长沙金泥自动化科技有限公司
221,所属公司,内蒙古安洛凯工程技术咨询有限公司
222,所属公司,邢台市龙泽信息系统集成服务有限公司
223,所属公司,成都安第斯信息技术有限公司
224,所属公司,北京维联众诚科技有限公司
225,所属公司,"
森成稀土磁材有限公司
"
226,所属公司,福州市博思特教育咨询有限公司
227,所属公司,中地设计集团有限公司朝阳分公司
228,所属公司,上海荷瑞会展有限公司
229,所属公司,江苏庙湾人家网络科技有限公司
230,所属公司,成都时代众享科技有限公司
231,所属公司,北京瑞尔博达市场营销顾问有限公司
232,所属公司,河南省盈鑫环保科技有限公司
233,所属公司,无锡江东信息技术有限公司
234,所属公司,河北金安鸿环检测技术咨询有限公司
235,所属公司,肇庆云虫科技有限公司
236,所属公司,湖北华胜建设项目管理有限公司
237,所属公司,海城市东升钢构彩板有限公司
238,所属公司,上海酷柒网络技术有限公司
239,所属公司,北京强邦体育发展有限公司
240,所属公司,福州市从古网络科技有限公司
241,所属公司,广西英斯派尔云计算有限公司
242,所属公司,哈尔滨华途科技有限公司
243,所属公司,河北奇云科技有限公司
244,所属公司,上海隽乐信息科技有限公司
245,所属公司,河北省道兰科技有限公司
246,所属公司,成都时代众享科技有限公司
247,所属公司,咸阳中远电子有限公司
248,所属公司,化州市缘康科技有限公司
249,所属公司,河南图萤网络科技有限公司
250,所属公司,内蒙古中采信息技术服务有限公司
251,所属公司,雨林创新创意科技（深圳）集团有限公司
252,所属公司,中铁水利信息科技有限公司
253,所属公司,长沙爱和自由文化传播有限公司
254,所属公司,江苏古河文化科技有限公司
255,所属公司,沈阳华逸云智科技有限公司
256,所属公司,乌鲁木齐佑安信达企业管理咨询有限公司
257,所属公司,柒柒网络科技（辽宁）有限公司鞍山分公司
258,所属公司,沈阳盈好机械有限公司
259,所属公司,广州万云电子商务有限公司
260,所属公司,柳州菲通智能科技有限公司
261,所属公司,南宁玄鸟网络科技有限公司
262,所属公司,大连威姆瑞科技有限公司
263,所属公司,海南好思达网络科技有限公司
264,所属公司,河北富创电子科技有限公司
265,所属公司,河北省北斗导航位置服务有限公司
266,所属公司,浙江思则数字科技有限公司
267,所属公司,晋江市三平面体育发展有限公司
268,所属公司,联宇合达科技有限公司
269,所属公司,安徽南黎建设工程有限公司
270,所属公司,四川准达信息技术股份有限公司
271,所属公司,贵州黔狐科技股份有限公司
272,所属公司,陕西中源纵横造价咨询有限公司
273,所属公司,南宁市雅径电子产品经营部
274,所属公司,福州乐焰数据科技有限公司
275,所属公司,广州八斗软件科技有限公司
276,所属公司,上海信栖网络科技有限公司
277,所属公司,广州豆苗信息科技有限公司
278,所属公司,长春弘毅通信科技有限公司
279,所属公司,安庆市宾利知识产权运营管理有限公司
280,所属公司,绥中求索软件科技有限公司
281,所属公司,武汉赢月网络科技有限公司
282,所属公司,上海奇杲科技有限公司
283,所属公司,广西依客科技有限公司
284,所属公司,南阳市微企胜网络科技有限公司
285,所属公司,宿州仕良信息科技有限公司
286,所属公司,广州漫薪网络科技有限公司
287,所属公司,西安拾久网络科技有限公司
288,所属公司,湖北襄软科技有限公司
289,所属公司,北京智源视界科技有限公司
290,所属公司,遵义云讯网络科技有限责任公司
291,所属公司,张家口钰辉起航科技有限公司
292,所属公司,辽宁瑞丰自动控制有限公司
293,所属公司,中软信通（宜昌）科技有限公司
294,所属公司,中地设计集团有限公司朝阳分公司
295,所属公司,天佑博文信息科技（山东）有限公司
296,所属公司,南京苏艾科软件技术有限公司
297,所属公司,吉林省云领科技有限公司
298,所属公司,北京睿智皓天微电子科技有限公司
299,所属公司,肇庆云虫科技有限公司
300,所属公司,龙岩市新罗区创和智联贸易有限公司
301,所属公司,广西国信云服科技有限公司
302,所属公司,广元匠艺软件开发有限公司
303,所属公司,深圳千知鱼文化设计有限公司
304,所属公司,武汉世纪先锋网络技术有限公司
305,所属公司,运城市锐创电子科技有限公司
306,所属公司,深圳市培林体育科技有限公司
307,所属公司,天津联筑建筑科技有限公司
308,所属公司,广东方昇科技有限公司
309,所属公司,南昌象牙网络科技有限公司
310,所属公司,潮州市鲁迪信息科技有限公司
311,所属公司,浙江衢州鹿鸣信息技术有限公司
312,所属公司,北京强邦体育发展有限公司
313,所属公司,重庆领达信息技术有限公司
314,所属公司,浙江众启网络科技有限公司
315,所属公司,成都华企网通科技有限公司
316,所属公司,深圳市思承电子有限公司
317,所属公司,嘉兴想天信息科技有限公司
318,所属公司,浙江星河微网能源科技有限公司
319,所属公司,四川瑞晨消防工程有限公司
320,所属公司,湖北致慧信息技术有限公司
321,所属公司,东营市传智信息技术有限公司
322,所属公司,苏州尚榜网络科技有限公司
323,所属公司,柳州市光迅科技有限责任公司
324,所属公司,山东铝谷数据科技有限公司
325,所属公司,福州一城信息科技有限公司
326,所属公司,大理市云桥宽频信息科技有限责任公司
327,所属公司,"
巴尔瑙尔科技
"
328,所属公司,秦皇岛市易讯科技开发有限公司
329,所属公司,杭州陆港科技有限公司
330,所属公司,吉林省集星科技有限公司
331,所属公司,长春市飞秋科技有限公司
332,所属公司,上海逐一软件科技有限公司
333,所属公司,福州知止网络技术有限公司
334,所属公司,娄底市国联信息服务有限公司
335,所属公司,舟山市唯芸社信息科技有限公司
336,所属公司,河南省盈鑫环保科技有限公司
337,所属公司,微趣软件（无锡）有限公司
338,所属公司,上海虎联信息科技有限公司
339,所属公司,江西莫比乌斯科技有限公司
340,所属公司,广州非格科技有限公司
341,所属公司,广东康顺健康管理有限公司
342,所属公司,重庆夸米网络科技有限公司
343,所属公司,佛山市亿货郎电子商务有限公司
344,所属公司,纳思达科技（大连）有限公司
345,所属公司,海南金轩企业管理有限公司
346,所属公司,山西润源项目管理咨询有限公司
347,所属公司,哈尔滨华途科技有限公司
348,所属公司,河北富创电子科技有限公司
349,所属公司,大连威姆瑞科技有限公司
350,所属公司,深圳三极丰科技有限公司
351,所属公司,江西优尚科技有限公司
352,所属公司,浙江云会科技有限公司
353,所属公司,青岛康裕达科技有限公司
354,所属公司,通化北创控股（集团）有限公司
355,所属公司,南昌乐酷科技有限公司
356,所属公司,沈阳天悦网络科技有限公司
357,所属公司,珠海市朝为软件科技有限公司
358,所属公司,"
淘鱼科技
"
359,所属公司,深圳市小蜜蜂软件有限公司
360,所属公司,西安平衡语言科技有限公司
361,所属公司,上海创知信网络科技有限公司
362,所属公司,绍兴小坡孩信息技术有限公司
363,所属公司,河北奇云科技有限公司
364,所属公司,哈尔滨亚典科技有限责任公司
365,所属公司,泉州丰泽长庚医院有限公司
366,所属公司,上海阳橙信息科技有限公司
367,所属公司,内蒙古友臻信息技术有限公司
368,所属公司,中伦建筑工程设计有限公司川北设计院
369,所属公司,成都安第斯信息技术有限公司
370,所属公司,四川省图南鸟网络科技有限公司
371,所属公司,东莞豪马工业设计有限公司
372,所属公司,南京聚众体育科技发展有限公司
373,所属公司,邢台市龙泽信息系统集成服务有限公司
374,所属公司,江门市铂睿科技有限公司
375,所属公司,大连亿坊电子商务有限公司
376,所属公司,浙江思则数字科技有限公司
377,所属公司,北京尔希科技有限公司
378,所属公司,易视线（厦门）科技有限公司
379,所属公司,厦门闽亿金服科技有限公司
380,所属公司,湖南超视物联智能网络科技有限公司
381,所属公司,长沙金泥自动化科技有限公司
382,所属公司,吉林省十全十美文化发展有限公司
383,所属公司,北京瑞尔博达市场营销顾问有限公司
384,所属公司,柒柒网络科技（辽宁）有限公司鞍山分公司
385,所属公司,石家庄沃龙软件服务有限公司
386,所属公司,嘉兴市谷泰信息技术有限公司
387,所属公司,重庆特优学科技有限公司
388,所属公司,南昌优毅云科技有限公司
389,所属公司,广州市一千零一科技有限公司
390,所属公司,邢台易优网络科技有限公司
391,所属公司,江苏炫动科技有限公司
392,所属公司,云南软友科技有限公司
393,所属公司,马鞍山安益网络科技有限公司
394,所属公司,河南塘报文化传播有限公司
395,所属公司,成都致远方达科技有限公司
396,所属公司,中山市电牛科技有限公司
397,所属公司,"
辽宁茅汇联和
"
398,所属公司,重庆万佳电子信息有限责任公司
399,所属公司,上海思鎏网络科技有限公司
400,所属公司,丹东盘古网络技术有限公司
401,所属公司,北京洋流科技有限公司
402,所属公司,深圳市泰通新智信息技术有限公司
403,所属公司,福州网冠信息科技有限公司
404,所属公司,深圳市速易连科技有限公司
405,所属公司,山西弘承云志科技有限公司
406,所属公司,河南图萤网络科技有限公司
407,所属公司,思渡技术服务（昆明）有限公司
408,所属公司,海南蓝点计算机网络工程有限公司
409,所属公司,大连摩呵科技有限公司
410,所属公司,保定云舟网络科技有限公司
411,所属公司,山东方正自动化科技有限公司
412,所属公司,漳州堡垒信息技术有限公司
413,所属公司,大连智趣信息技术有限公司
414,所属公司,河北省道兰科技有限公司
415,所属公司,贵州老师傅到家科技有限公司
416,所属公司,福州市博思特教育咨询有限公司
417,所属公司,深圳市听音科技有限公司
418,所属公司,河北懋谷网络科技有限公司
419,所属公司,内蒙古巴辰网络科技有限公司
420,所属公司,重庆玲鲲科技有限公司
421,所属公司,江苏古河文化科技有限公司
422,所属公司,河北金安鸿环检测技术咨询有限公司
423,所属公司,哈尔滨顺茂科技开发有限公司
424,所属公司,上海隽乐信息科技有限公司
425,所属公司,河北洲德信息技术有限公司
426,所属公司,江西摩速科技有限公司
427,所属公司,柳州箩筐信息科技有限公司
428,所属公司,武汉同趣科技有限公司
429,所属公司,哈尔滨浪博科技有限公司
430,所属公司,福州市从古网络科技有限公司
431,所属公司,西安语博仕教育科技有限责任公司
432,所属公司,大连网龙网络科技有限公司
433,所属公司,阜阳市工蚁网络科技有限公司
434,所属公司,遵化市金标科技有限公司
435,所属公司,赤峰智展信息技术有限公司
436,所属公司,石家庄悦凡广告传媒有限公司
437,所属公司,成都启慧智能科技有限公司
438,所属公司,杭州酷趣文化创意有限公司
439,所属公司,成都时代众享科技有限公司
440,所属公司,化州市缘康科技有限公司
441,所属公司,汕头市讯博信息科技有限公司
442,所属公司,大连松鼠科技有限公司
443,所属公司,嘉兴市缙祥软件科技有限责任公司
444,所属公司,易模塑科技（深圳）有限公司
445,所属公司,深圳市布尔达科技有限公司
446,所属公司,南宁玄鸟网络科技有限公司
447,所属公司,河北七分科技有限公司
448,所属公司,咸阳中远电子有限公司
449,所属公司,"
融途信息
"
450,所属公司,四平市新元信息技术有限公司
451,所属公司,蜂享科技（海南）有限公司
452,所属公司,深圳市跃龙腾科技有限公司
453,所属公司,成都创兑行信息技术有限公司
454,所属公司,东营阅客信息科技有限公司
455,所属公司,青山湖区浪潮汽车用品批发中心
456,所属公司,广州网和网络技术有限公司
457,所属公司,广州万云电子商务有限公司
458,所属公司,湖北瀚海智汇科技有限公司
459,所属公司,"
森成稀土磁材有限公司
"
460,所属公司,内蒙古中采信息技术服务有限公司
461,所属公司,北京认知云科技有限公司
462,所属公司,江苏鲁班网络科技有限公司
463,所属公司,北京微语时代科技有限公司
464,所属公司,中铁水利信息科技有限公司
465,所属公司,雨林创新创意科技（深圳）集团有限公司
466,所属公司,无锡江东信息技术有限公司
467,所属公司,北京九州瀚诺企业管理有限公司
468,所属公司,江苏庙湾人家网络科技有限公司
469,所属公司,山西长创科技有限公司
470,所属公司,河北省北斗导航位置服务有限公司
471,所属公司,华伦中建建设股份有限公司淮北分公司
472,所属公司,山西云之巽文化发展有限公司
473,所属公司,四川准达信息技术股份有限公司
474,所属公司,上海酷柒网络技术有限公司
475,所属公司,晋江市三平面体育发展有限公司
476,所属公司,江西优联荟智能科技有限公司
477,所属公司,重庆恒承瑶工程造价咨询有限公司
478,所属公司,河南昂寇网络科技有限公司
479,所属公司,临汾市丽乾科技有限公司
480,所属公司,广西收米吧数据处理服务有限公司
481,所属公司,安徽南黎建设工程有限公司
482,所属公司,广州市建银工程造价咨询有限公司东莞分公司
483,所属公司,广西太极华青信息系统有限公司
484,所属公司,重庆乾兴信息技术有限公司
485,所属公司,乐山市骏马奔腾广告有限公司
486,所属公司,北京珅企科技有限公司
487,所属公司,长春富天龙自动化科技有限公司
488,所属公司,宁夏天选云电子服务有限公司
489,所属公司,四川中成招通工程项目管理有限公司
490,所属公司,广州市亿易联电子科技有限公司
491,所属公司,海口联合佳用科技有限公司
492,所属公司,沈阳百兰思科技有限公司
493,所属公司,河北博控电气科技有限公司
494,所属公司,珠海庆鸿药业有限公司
495,所属公司,佛山图新科技有限公司
496,所属公司,北京近颐科技有限公司
497,所属公司,长春鼎龙汽车科技有限公司
498,所属公司,山西诺翔科技信息有限公司
499,所属公司,中地设计集团有限公司朝阳分公司
500,所属公司,华红工程集团股份有限公司
501,所属公司,四川创想新程科技有限公司
502,所属公司,兰州中林智能科技有限公司
503,所属公司,上海鼎宸源信息科技有限公司
504,所属公司,辽宁省中安信科技合伙企业（有限合伙）
505,所属公司,陕西华妈科技有限公司
506,所属公司,广州市三地信息技术有限公司
507,所属公司,江大国际生物科技（广州）有限公司
508,所属公司,广西中米农业有限公司
509,所属公司,洛阳灵睿网络技术有限公司
510,所属公司,九江磻石科技有限公司
511,所属公司,河北政软科技有限公司
512,所属公司,河南来村农业科技有限公司
513,所属公司,河北蝉智软件科技有限责任公司
514,所属公司,神州数码信息服务股份有限公司
515,所属公司,莆田汉鼎网络科技有限公司
516,所属公司,浙江理工大学龙港研究院有限公司
517,所属公司,西安研奇网络科技有限公司
518,所属公司,江西至融软件有限公司
519,所属公司,湖南德品网络科技有限公司
520,所属公司,河南塘报文化传播有限公司
521,所属公司,杭州酷趣文化创意有限公司
522,所属公司,深圳易宝软件有限公司
523,所属公司,晋城市鼎峰网络科技有限公司
524,所属公司,灵图互动（武汉）科技有限公司
525,所属公司,洛阳城市网软件技术有限公司
526,所属公司,大连泰微科技有限公司
527,所属公司,浙江立地信息科技有限公司
528,所属公司,青岛中青电子科技有限公司济南分公司
529,所属公司,柳州箩筐信息科技有限公司
530,所属公司,西安语博仕教育科技有限责任公司
531,所属公司,龙岩市点墨网络科技有限公司
532,所属公司,湖南金锐科技有限公司
533,所属公司,重庆合加庆通讯服务有限责任公司
534,所属公司,漳州堡垒信息技术有限公司
535,所属公司,福州市从古网络科技有限公司
536,所属公司,湖南阿秒光学科技有限公司
537,所属公司,广西荣萃营销策划有限公司
538,所属公司,山西郎腾信息科技有限公司
539,所属公司,洛阳智网网络科技有限公司
540,所属公司,浙江山久网络科技有限公司
541,所属公司,"
耿城梦想
"
542,所属公司,北京认知云科技有限公司
543,所属公司,"
数字佳信
"
544,所属公司,广东高商科技有限公司
545,所属公司,内蒙古智慧兴牧物联技术有限公司
546,所属公司,湖北汉成网络科技有限公司
547,所属公司,浙江熠成科技有限公司
548,所属公司,广元广锋科技有限公司
549,所属公司,山东方正自动化科技有限公司
550,所属公司,广西星峻科技集团有限公司
551,所属公司,河北神威大药房连锁有限公司
552,所属公司,四川飞思盾科技有限责任公司
553,所属公司,安徽相王网络信息技术有限公司
554,所属公司,成都启划信息科技有限公司
555,所属公司,河源市城市互动科技有限公司
556,所属公司,湖北睿志科技服务有限公司
557,所属公司,"
汕头市古水信息技...
"
558,所属公司,深圳市玖立方科技有限公司
559,所属公司,山西铁牛网络科技有限公司
560,所属公司,无锡希霆云梦科技有限公司
561,所属公司,山东一梯软件科技有限公司
562,所属公司,北京金水信息技术发展有限公司
563,所属公司,河北惟明信息技术有限公司
564,所属公司,长春市庞智科技有限公司
565,所属公司,河北智数软件有限公司
566,所属公司,青柚（锦州市）网络科技技术有限公司
567,所属公司,内蒙古舍神科技有限公司
568,所属公司,山东四维卓识信息技术有限公司
569,所属公司,广东因特厨信息技术有限公司
570,所属公司,山西捷冠科技有限公司
571,所属公司,大同市华研科技有限责任公司
572,所属公司,梅州市青云客网络科技有限公司
573,所属公司,南京智政大数据科技有限公司
574,所属公司,河南省常亭网络科技有限公司
575,所属公司,江门市虎易天下网络有限公司
576,所属公司,河南快创网络科技有限公司
577,所属公司,深州市集思科技有限公司
578,所属公司,黑龙江弟兄网络科技有限公司
579,所属公司,山西深度智能科技有限公司
580,所属公司,巽风（浙江）科技有限公司
581,所属公司,河北启扬信息技术有限公司
582,所属公司,赣州市人和环境工程有限公司
583,所属公司,河南讯有信息技术有限公司
584,所属公司,日照鸿迅电子工程有限公司
585,所属公司,赋能科技（吉林）有限公司
586,所属公司,湖南佳材教育科技有限公司
587,所属公司,上饶市亮象科技有限公司
588,所属公司,河北岁若网络科技有限公司
589,所属公司,唐山市万寻科技有限公司
590,所属公司,南阳市微企胜网络科技有限公司
591,所属公司,流光星际（湖北）科技有限公司
592,所属公司,湖北千聚科技有限公司
593,所属公司,茂名市雄妈网络科技有限公司
594,所属公司,福建麦科信息技术有限公司
595,所属公司,吉林红棠科技有限公司
596,所属公司,深圳市聚心教育科技发展有限公司
597,所属公司,江苏灵匠信息科技有限公司
598,所属公司,沧州斐鱼网络科技有限公司
599,所属公司,北京金水信息技术发展有限公司
600,所属公司,山西铁牛网络科技有限公司
601,所属公司,日照市海洲电子科技有限公司
602,所属公司,福州一米网络技术有限公司
603,所属公司,中凡国际工程设计有限公司赣州分公司
604,所属公司,天津市艾讯网络科技有限公司
605,所属公司,宁夏世纪创想网络科技有限公司
606,所属公司,山东森哲信息技术有限公司
607,所属公司,梅州市巨猴软件科技有限公司
608,所属公司,安徽易刚信息技术有限公司
609,所属公司,广西星海数字创意传媒科技有限责任公司
610,所属公司,洛阳深海墨鱼科技有限公司
611,所属公司,福州华航数字科技有限公司
612,所属公司,石家庄柏人网络科技有限公司
613,所属公司,龙岩龙安安全科技有限公司
614,所属公司,张家口宏尚科技有限公司
615,所属公司,平顶山引潮网络科技有限公司
616,所属公司,商丘雷光网络科技有限公司
617,所属公司,深圳市超越网络信息科技有限公司
618,所属公司,西安研奇网络科技有限公司
619,所属公司,山东兴旺软件科技有限公司
620,所属公司,华泰益兴科技（北京）有限公司
621,所属公司,江西亿洲科技有限公司
622,所属公司,江门市微讯智能科技有限公司
623,所属公司,广东迪浪科技股份有限公司
624,所属公司,淮北掌易网络科技有限公司
625,所属公司,河北智恩网络科技有限公司
626,所属公司,江苏大麦信息科技有限公司
627,所属公司,湖北中天亿信科技股份有限公司
628,所属公司,七台河哟见信息科技有限公司
629,所属公司,山西优异网络技术有限公司
630,所属公司,宿迁思齐信息科技有限公司
631,所属公司,安徽金众客网络科技有限公司
632,所属公司,山西深度智能科技有限公司
633,所属公司,北京天正聚合科技有限公司
634,所属公司,安徽博领网络科技有限公司
635,所属公司,保定妙迎网络科技有限公司
636,所属公司,珠海数图信息技术有限公司
637,所属公司,北京分形科技有限公司
638,所属公司,珠海八六三合兴科技有限公司
639,所属公司,扬州明辰信息科技有限公司
640,所属公司,广东高商科技有限公司
641,所属公司,哈尔滨华信诚安科技有限公司
642,所属公司,江门市又壹科技有限公司
643,所属公司,河南贝好多智能科技有限公司
644,所属公司,深圳市聚心教育发展服务有限公司
645,所属公司,河南快保信息科技有限公司
646,所属公司,杭州雪意科技有限公司
647,所属公司,山西丰火连天网络科技有限公司
648,所属公司,湖南白杨网络科技有限公司
649,所属公司,联科信达物联网有限公司
650,所属公司,广西智爱科技有限公司
651,所属公司,焦作盛利华网络科技有限公司
652,所属公司,携游天下网络股份有限公司
653,所属公司,绍兴小坡孩信息技术有限公司
654,所属公司,蚌埠千呼科技有限公司
655,所属公司,珠海米水科技有限公司
656,所属公司,凯信云（唐山）智能科技有限公司
657,所属公司,广州永昇信息科技有限公司
658,所属公司,珠海触点互动科技有限公司
659,所属公司,山东九才信息科技有限公司
660,所属公司,浙江天捷智能科技有限公司
661,所属公司,江苏云点信息科技有限公司
662,所属公司,河北燕山安全信息咨询有限公司
663,所属公司,内蒙古百格利科技有限公司
664,所属公司,武汉紫枫叶科技有限责任公司
665,所属公司,江门市猿创网络有限公司
666,所属公司,河北中致信息技术有限公司
667,所属公司,晋城市聚达网络科技有限公司
668,所属公司,日照蓝鸥信息科技有限公司
669,所属公司,承德小仓科技有限责任公司
670,所属公司,湖南卓尊科技有限公司衡阳分公司
671,所属公司,云南云霖科技有限公司
672,所属公司,迁安市迁软科技有限责任公司
673,所属公司,河南一一科技有限公司
674,所属公司,潍坊易网互联信息科技有限公司
675,所属公司,南昌景旭科技有限公司
676,所属公司,山东优普智能科技有限公司
677,所属公司,扬州扬源信息科技有限公司
678,所属公司,佛山市易租云科技有限公司
679,所属公司,深圳市企管通科技有限公司
680,所属公司,宜昌优智科技有限公司
681,所属公司,邗江区君灿电器经营部
682,所属公司,贵州聚创科技有限公司
683,所属公司,银川华信智信息技术有限公司
684,所属公司,邯郸市互通网络科技有限公司
685,所属公司,广州市科喜信息科技有限公司
686,所属公司,中科华研（北京）科技有限公司山西分公司
687,所属公司,广州恒富宝科技有限公司
688,所属公司,内蒙古时机天成科技有限公司
689,所属公司,北京零工时代数字科技有限公司
690,所属公司,无锡云牛网络科技有限公司
691,所属公司,广东柒胜软件科技有限责任公司
692,所属公司,浙江云翎信息技术有限公司
693,所属公司,潍坊德惠康健康咨询有限公司
694,所属公司,江西元一制冷设备集团有限公司
695,所属公司,银川华信智信息技术有限公司
696,所属公司,湖南卓尊科技有限公司衡阳分公司
697,所属公司,湖南谜之文化传媒有限公司
698,所属公司,一顺智能科技（广州）有限公司
699,所属公司,扬州扬源信息科技有限公司
700,所属公司,河北雨辰同瑞信息科技有限公司
701,所属公司,秦皇岛德必信计算机科技有限公司
702,所属公司,北京真真科技有限公司
703,所属公司,山西云启晟科技有限公司
704,所属公司,迁安市迁软科技有限责任公司
705,所属公司,南阳市鹏越软件有限公司
706,所属公司,北京智汇大成科技有限公司
707,所属公司,湖南感应时代信息科技有限公司
708,所属公司,成都众智昊冉科技有限公司
709,所属公司,衡阳市雁谷文化体育产业发展有限公司
710,所属公司,山东博尧信息科技有限公司
711,所属公司,烟台慧创软件科技有限公司
712,所属公司,惠州市蓝盾科技有限公司
713,所属公司,数信智能（南阳）科技有限公司
714,所属公司,毕姆建筑科技（杭州）有限责任公司
715,所属公司,河北百讯科技有限公司
716,所属公司,河南信科网络科技有限公司
717,所属公司,江苏萌点网络科技有限公司
718,所属公司,精易通（沈阳）智能科技有限公司
719,所属公司,内蒙古步长医药有限责任公司
720,所属公司,广东熙晟科技发展有限公司
721,所属公司,吉林长智软件开发有限公司
722,所属公司,衡阳众德智能科技有限公司
723,所属公司,新疆思邦视觉网络科技有限公司
724,所属公司,河南中细软知识产权代理有限公司
725,所属公司,"
神灯科技有限责任公司
"
726,所属公司,上海星睿信息技术有限公司
727,所属公司,徐州创若网络科技有限公司
728,所属公司,新疆天瑞通用航空产业发展有限公司
729,所属公司,山东纸壳侠再生资源有限公司
730,所属公司,汕头市三人行信息科技有限公司
731,所属公司,徐州蓝佳网络科技有限公司
732,所属公司,易和软件（山东）有限公司
733,所属公司,武汉拜必优科技有限公司
734,所属公司,贵州聚德慧享科技有限公司
735,所属公司,南京厚建软件有限责任公司
736,所属公司,徐州市知之教育科技有限公司
737,所属公司,上海宇叙信息技术有限公司
738,所属公司,山西清水欧度信息技术有限公司
739,所属公司,南昌象牙网络科技有限公司
740,所属公司,贵州高诚科技有限公司
741,所属公司,湖南宝元汽车部件有限公司
742,所属公司,辽宁瑞丰自动控制有限公司
743,所属公司,四川远跃农牧科技有限公司
744,所属公司,贵阳高新兆诚科技有限公司
745,所属公司,江苏辰友信息科技有限公司
746,所属公司,山西云之巽文化发展有限公司
747,所属公司,江西优企信息技术有限公司
748,所属公司,神州通誉软件（上海）股份有限公司
749,所属公司,郑州稳网互联计算机科技有限公司
750,所属公司,株洲高科火炬信息服务有限公司
751,所属公司,佰易（山东）文化旅游产业发展集团有限公司
752,所属公司,北京聚青科技有限公司
753,所属公司,广西码农信息科技有限公司
754,所属公司,大连三月科技有限公司
755,所属公司,安徽上岸品牌策划有限公司
756,所属公司,湖南大树腾企业管理有限公司
757,所属公司,西安恒博软件科技有限公司
758,所属公司,江苏中梦云政信息科技有限公司
759,所属公司,南阳易拓实业发展有限公司
760,所属公司,海纳实业控股集团有限公司
761,所属公司,北京环播大地科技有限公司
762,所属公司,山东临都网络科技有限公司
763,所属公司,云南禧住科技有限公司
764,所属公司,成都盈透科技有限公司
765,所属公司,山东书壳儿网络科技有限公司
766,所属公司,无锡玄博商标事务有限公司
767,所属公司,"
小智匠
"
768,所属公司,北京盛世政通软件发展有限公司邯郸分公司
769,所属公司,白山市天诚经贸有限公司
770,所属公司,广州市健信信息科技有限公司
771,所属公司,温州云锐软件科技有限公司
772,所属公司,武汉趋为致诚科技有限公司
773,所属公司,沈阳千翼网络信息科技有限公司
774,所属公司,河南省磊科网络科技有限公司
775,所属公司,微趣软件（无锡）有限公司
776,所属公司,四川读本科技有限公司
777,所属公司,广州壹川装饰设计有限公司
778,所属公司,海南信息岛技术服务中心有限公司
779,所属公司,亿达信息技术有限公司
780,所属公司,杭州焱起科技有限公司
781,所属公司,广东宇翔科技有限公司
782,所属公司,河北金卷教育科技有限公司
783,所属公司,江苏闪信信息科技有限公司
784,所属公司,宁夏世纪创想网络科技有限公司
785,所属公司,山西东华慧海碧沐科技有限公司
786,所属公司,山西耀润科技有限公司
787,所属公司,广州弘凯物联网服务有限公司
788,所属公司,珠海数图信息技术有限公司
789,所属公司,北京华路时代信息技术股份有限公司
790,所属公司,梅州市巨猴软件科技有限公司
791,所属公司,武汉儒松科技有限公司
792,所属公司,徐州芒旭软件科技有限公司
793,所属公司,福建省叁拾信息科技有限公司
794,所属公司,泰安协同软件有限公司
795,所属公司,武汉紫枫叶科技有限责任公司
796,所属公司,淮北掌易网络科技有限公司
797,所属公司,重庆广睿达科技有限公司
798,所属公司,江门市蓬江区八爪鱼科技有限公司
799,所属公司,宿迁思齐信息科技有限公司
800,所属公司,北京国脉互联信息顾问有限公司浙江分公司
801,所属公司,江苏萨普莱斯信息科技有限公司
802,所属公司,杭州向上机器人科技有限公司
803,所属公司,山东和胜云信息科技有限公司
804,所属公司,江苏速家宅配科技有限公司
805,所属公司,惠州市翼飞智能科技有限公司
806,所属公司,河北小鸥科技有限公司
807,所属公司,南昌景旭科技有限公司
808,所属公司,江苏大麦信息科技有限公司
809,所属公司,贵州聚德慧享科技有限公司
810,所属公司,常州易管智能科技有限公司
811,所属公司,湖南白杨网络科技有限公司
812,所属公司,深圳制片帮网络科技有限公司
813,所属公司,山东九才信息科技有限公司
814,所属公司,海南中智职业培训学校
815,所属公司,江苏云点信息科技有限公司
816,所属公司,易和软件（山东）有限公司
817,所属公司,山东悦然信息科技有限公司
818,所属公司,北京斗金汇通拍卖有限公司
819,所属公司,河北神威大药房连锁有限公司
820,所属公司,徐州海派科技有限公司
821,所属公司,深圳市万有引力科技有限公司
822,所属公司,新亿成科技（江苏）有限公司
823,所属公司,天津瞰天科技有限责任公司
824,所属公司,湖南中途贸易有限公司
825,所属公司,陕西贝志网络科技有限公司
826,所属公司,襄阳市高新技术开发区鑫雅居橱柜加工厂
827,所属公司,温州市志诚信息系统工程有限公司
828,所属公司,云南湘聚达投资管理有限公司
829,所属公司,杭州赫米信息技术有限公司
830,所属公司,南京绛门信息科技股份有限公司
831,所属公司,内蒙古时机天成科技有限公司
832,所属公司,极质（天津）科技有限公司
833,所属公司,徐州市知之教育科技有限公司
834,所属公司,南宁市赛盟数字设备有限公司
835,所属公司,徐州肆筑信息科技有限公司
836,所属公司,珠海好药多大药房有限公司
837,所属公司,深圳市北科检测科技有限公司
838,所属公司,徐州普凡思诺企业管理咨询有限公司
839,所属公司,玉溪小智商网络有限公司
840,所属公司,湖南创研科技股份有限公司
841,所属公司,滨州帆盛网络信息科技有限公司
842,所属公司,湖北世联房地产投资有限公司
843,所属公司,湖南天泽商业集团有限公司
844,所属公司,浙江理工大学龙港研究院有限公司
845,所属公司,优医软件（深圳）有限公司
846,所属公司,贵州高诚科技有限公司
847,所属公司,无锡三人行信息科技有限公司
848,所属公司,江苏微雀信息科技有限公司
849,所属公司,西安恒博软件科技有限公司
850,所属公司,大连舟航软件科技有限公司
851,所属公司,山东惠游旅游服务有限公司
852,所属公司,杭州泽玺科技有限公司
853,所属公司,云舟生物科技（广州）股份有限公司
854,所属公司,重庆开通网络科技有限公司
855,所属公司,广东银信联合科技有限公司
856,所属公司,北京科技大学设计研究院有限公司
857,所属公司,蚌埠掌上网络科技有限公司
858,所属公司,佛山市顺德区捷通数码科技有限公司
859,所属公司,山西聚客台网络科技有限责任公司
860,所属公司,深圳市企管通科技有限公司
861,所属公司,无锡为立科技有限公司
862,所属公司,山东可为文化科技有限公司
863,所属公司,江苏中威科技软件系统有限公司
864,所属公司,烟台卓安电子科技有限公司
865,所属公司,深圳市静思宇科技有限公司
866,所属公司,"
登马
"
867,所属公司,厦门亿阳汇聚科技有限公司
868,所属公司,南京全鸿智能科技有限公司
869,所属公司,湖南中旅假日国际旅行社有限公司
870,所属公司,河北博信笃行科技有限公司
871,所属公司,徐州普凡思诺企业管理咨询有限公司
872,所属公司,杭州锐绎信息科技有限公司
873,所属公司,江苏庆亚电子科技有限公司
874,所属公司,云上溯源智慧农贸市场开发（广西）集团有限公司
875,所属公司,北京盛世政通软件发展有限公司邯郸分公司
876,所属公司,辽宁聚富网络科技有限公司
877,所属公司,上海宇叙信息技术有限公司
878,所属公司,广州优路加信息科技有限公司
879,所属公司,广西泽霖教育科技发展有限公司
880,所属公司,山东众志电子有限公司
881,所属公司,云南慧天信息技术有限公司
882,所属公司,浙江鲸云信息科技有限公司
883,所属公司,云南禧住科技有限公司
884,所属公司,徐州小柚网络科技有限公司
885,所属公司,浙江星燃信息科技有限公司
886,所属公司,墨谷国际供应链管理（宁波）有限公司
887,所属公司,台州市卓远网络科技有限公司
888,所属公司,西安衍舆航天科技有限公司
889,所属公司,徐州独角兽信息科技有限公司
890,所属公司,温州紫风科技电子商务有限公司
891,所属公司,河北虹安翔宇信息科技有限公司
892,所属公司,四川优优团网络科技有限公司
893,所属公司,徐州迈威网络科技有限公司
894,所属公司,南宁市幻想电子科技有限公司
895,所属公司,四川见山科技有限责任公司
896,所属公司,山东筑元信息科技有限公司
897,所属公司,深圳市菲凡数据科技有限公司
898,所属公司,南阳市舞动华夏网络科技有限公司
899,所属公司,佛山市斯科达信息科技有限公司
900,所属公司,安徽京廷科技有限公司
901,所属公司,徐州市霁云科技开发有限公司
902,所属公司,赣州梧桐心理咨询服务有限公司
903,所属公司,广东猎影科技有限公司
904,所属公司,宁波海恒知格智能科技有限公司
905,所属公司,重庆汇博利农科技有限公司
906,所属公司,江苏美科太阳能科技股份有限公司
907,所属公司,重庆智禾一科技有限公司
908,所属公司,河南赛美科技有限公司
909,所属公司,杭州盘丝洞网络科技有限公司
910,所属公司,江苏萌点网络科技有限公司
911,所属公司,江苏连农云商科技有限公司
912,所属公司,湖南新航动力信息科技有限公司
913,所属公司,江苏盖森斯特信息科技有限公司
914,所属公司,无锡美曼酒店管理有限公司
915,所属公司,徐州向心力网络科技有限公司
916,所属公司,上海特蓝信息科技有限公司
917,所属公司,北京航天通联科技有限公司
918,所属公司,北京和佳软件技术有限公司桂林分公司
919,所属公司,浙江杰翎健康科技有限公司温州分公司
920,所属公司,滨州弱水网络科技有限公司
921,所属公司,一顺智能科技（广州）有限公司
922,所属公司,北京艺创国际展览展示有限公司
923,所属公司,江苏盖森斯特信息科技有限公司
924,所属公司,江苏芝麻沃德网络科技有限公司
925,所属公司,福建省圆马信息科技有限公司
926,所属公司,京科互联科技（山东）有限公司
927,所属公司,山东新海智能科技有限公司
928,所属公司,上海蜂窝软件科技有限公司徐州分公司
929,所属公司,泉州市三七信息科技有限公司
930,所属公司,四川茶姬企业管理有限公司
931,所属公司,江苏莱洋健康科技发展有限公司
932,所属公司,辽宁瑞丰自动控制有限公司
933,所属公司,阿克苏富疆网络科技有限责任公司
934,所属公司,中联赛尔信息科技有限公司重庆分公司
935,所属公司,武汉佰钧成技术有限责任公司
936,所属公司,泸州吉润供应链管理有限公司辽宁分公司
937,所属公司,徐州贝瑞信息技术有限公司
938,所属公司,杭州风云科技股份有限公司
939,所属公司,"
牛利智能
"
940,所属公司,山东巢熙信息科技有限公司
941,所属公司,四川中鸿乐科技有限公司
942,所属公司,内蒙古云指创网络科技有限公司
943,所属公司,科比软件（绍兴）股份有限公司
944,所属公司,博彦科技股份有限公司
945,所属公司,河北神威大药房连锁有限公司
946,所属公司,海蓝厨房供应链科技（海南）有限公司
947,所属公司,江苏伴行信息科技有限公司
948,所属公司,武汉小汉科技有限公司
949,所属公司,江苏长天智远数字智能科技有限公司
950,所属公司,长沙能川信息科技有限公司
951,所属公司,"
博弈软件
"
952,所属公司,北京近颐科技有限公司
953,所属公司,广州同鑫科技有限公司
954,所属公司,广州市健信信息科技有限公司
955,所属公司,北京靖诚嘉友文化传播有限公司
956,所属公司,江苏金海星导航科技有限公司
957,所属公司,苏州智图云科技有限公司
958,所属公司,内蒙古祥鹏科技有限公司
959,所属公司,梅州市玖零网络文化发展有限公司
960,所属公司,郑州华砂信息技术有限公司
961,所属公司,江苏乐网信息科技有限公司
962,所属公司,北京助创科技有限公司
963,所属公司,深圳市华创天诚科技有限公司
964,所属公司,徐州齐云网络科技有限公司
965,所属公司,广州聚友信息技术有限公司
966,所属公司,江苏辰友信息科技有限公司
967,所属公司,广东一源科技有限公司
968,所属公司,福建速慧通网络科技有限公司
969,所属公司,河北众汉科技有限公司
970,所属公司,上海农信供应链管理有限公司
971,所属公司,中山市喝吧网络科技有限公司
972,所属公司,徐州中矿易通信息科技有限公司
973,所属公司,宜昌海博软件科技有限公司
974,所属公司,浙江云端保网络科技有限公司
975,所属公司,苏州我和你文化传播有限公司
976,所属公司,广东撼科信息技术有限公司
977,所属公司,江苏文宇数字科技有限公司
978,所属公司,"
嘉莱多
"
979,所属公司,徐州圣能科技有限公司
980,所属公司,泉州市邮立信软件科技有限公司
981,所属公司,成都衫衫来辞未来环保科技有限公司
982,所属公司,郑州飞度电子科技有限公司
983,所属公司,广西中易弘达科技有限责任公司
984,所属公司,江苏易学慧科信息科技有限公司
985,所属公司,无锡保护伞信息技术有限公司
986,所属公司,徐州泽汐电子信息技术有限公司
987,所属公司,大连翼佟信息科技有限公司
988,所属公司,湖北中大恒润科技有限公司
989,所属公司,新天力科技股份有限公司
990,所属公司,邯郸市尚科网络科技有限公司
991,所属公司,贵州惠诚信息技术有限公司
992,所属公司,文思海辉技术有限公司
993,所属公司,上海爱谱华顿电子科技（集团）有限公司
994,所属公司,上海允文信息科技有限公司
995,所属公司,邢台崇雨科技有限公司
996,所属公司,徐州拍乐网络科技有限公司
997,所属公司,上海康琼信息科技有限公司
998,所属公司,大连昭华机械设备有限公司
999,所属公司,徐州贝嘉网络科技有限公司
1000,所属公司,重庆孪创数字科技有限公司
1001,所属公司,山西聚客台网络科技有限责任公司
1002,所属公司,大连东麓科技发展有限公司
1003,所属公司,常州宇拓工业装备有限公司
1004,所属公司,池州云栖网络科技发展有限公司
1005,所属公司,指间青鸟（北京）科技有限公司
1006,所属公司,武汉镞然供应链管理有限公司
1007,所属公司,北京创标联合知识产权代理有限公司
1008,所属公司,山东盖亚市场营销服务有限公司
1009,所属公司,快诊互联网医院（山东）有限公司
1010,所属公司,徐州锐视网络科技有限公司
1011,所属公司,北京和正医联技术有限公司
1012,所属公司,文思海辉技术有限公司
1013,所属公司,江苏小拉科技有限公司
1014,所属公司,邢台崇雨科技有限公司
1015,所属公司,北京创标联合知识产权代理有限公司
1016,所属公司,浩联云（广东）科技有限公司
1017,所属公司,北京超图软件股份有限公司
1018,所属公司,云计划软件科技（上海）有限公司
1019,所属公司,南京戎光软件科技有限公司
1020,所属公司,江门市空创格科技有限公司
1021,所属公司,晋江市迅驰信息科技有限公司
1022,所属公司,新乡市中誉鼎力软件科技股份有限公司
1023,所属公司,山东浪潮数字服务有限公司
1024,所属公司,上海郅暄信息技术有限公司
1025,所属公司,徐州字节区块网络科技有限公司
1026,所属公司,广州魔晶教育科技有限公司
1027,所属公司,滴度物联网科技产业园（江苏）有限公司
1028,所属公司,广东德信行信用管理有限公司
1029,所属公司,北京木仓花科技有限公司
1030,所属公司,江苏安必行无线科技有限公司
1031,所属公司,徐州缘启网络技术有限公司
1032,所属公司,华夏天信物联科技有限公司
1033,所属公司,浙江爱电机器人科技有限公司
1034,所属公司,徐州乐分享软件科技有限公司
1035,所属公司,新疆云计算信息科技有限公司
1036,所属公司,上海猎户座网络科技有限公司
1037,所属公司,广东快可立信息科技有限公司
1038,所属公司,徐州集木网络科技有限公司
1039,所属公司,徐州恒远高新技术有限公司
1040,所属公司,烟台智瀚双晟信息科技有限公司
1041,所属公司,"
博弈软件
"
1042,所属公司,广东快可立信息科技有限公司
1043,所属公司,西安和硕物流科技有限公司
1044,所属公司,上海爱谱华顿电子科技（集团）有限公司
1045,所属公司,上海吉运软件技术股份有限公司
1046,所属公司,深圳市菲凡数据科技有限公司
1047,所属公司,广东溪涛环水科技有限公司
1048,所属公司,徐州拍乐网络科技有限公司
1049,所属公司,哈尔滨光遇科技有限公司
1050,所属公司,深圳市北科检测科技有限公司
1051,所属公司,科比软件（绍兴）股份有限公司
1052,所属公司,贵州高诚科技有限公司
1053,所属公司,江苏金鸽网络科技有限公司
1054,所属公司,上海墨士智能化科技有限公司
1055,所属公司,江苏小拉科技有限公司
1056,所属公司,廊坊市珍圭谷科技有限公司
1057,所属公司,郑州华砂信息技术有限公司
1058,所属公司,广东领壹智慧科技有限公司
1059,所属公司,恒善（廊坊）信息科技有限公司
1060,所属公司,北京国信网联科技有限公司
1061,所属公司,南京戎光软件科技有限公司
1062,所属公司,滨州弱水网络科技有限公司
1063,所属公司,杭州风云科技股份有限公司
1064,所属公司,丽新寰佑（北京）科技有限公司
1065,所属公司,江苏文宇数字科技有限公司
1066,所属公司,"
石鹿
"
1067,所属公司,北京木仓花科技有限公司
1068,所属公司,成都易拉冠网络科技有限公司
1069,所属公司,江苏鑫达软件有限公司
1070,所属公司,广东德信行信用管理有限公司
1071,所属公司,西安衍舆航天科技有限公司
1072,所属公司,山东浪潮数字服务有限公司
1073,所属公司,上海宁明软件科技有限公司
1074,所属公司,深圳市华创天诚科技有限公司
1075,所属公司,深圳十里传媒科技有限公司
1076,所属公司,福建中兴电子科技有限公司
1077,所属公司,深圳市博悦科创科技有限公司
1078,所属公司,新疆云计算信息科技有限公司
1079,所属公司,北京超图软件股份有限公司
1080,所属公司,上海郅暄信息技术有限公司
1081,所属公司,苏州智图云科技有限公司
1082,所属公司,北京汉克时代科技有限公司
1083,所属公司,触达通讯（深圳）有限责任公司
1084,所属公司,徐州齐云网络科技有限公司
1085,所属公司,星创瑞德数字科技（上海）有限公司
1086,所属公司,浙江飞灵软件有限公司
1087,所属公司,北京煜象软件技术有限公司
1088,所属公司,北京航天通联科技有限公司
1089,所属公司,上海科旭网络科技股份有限公司
1090,所属公司,晋江市迅驰信息科技有限公司
1091,所属公司,湖南中旅假日国际旅行社有限公司
1092,所属公司,北京信必优信息技术有限公司
1093,所属公司,杭州码斯克软件开发有限公司
1094,所属公司,浙江锐智信息技术有限公司
1095,所属公司,上海小工蚁电子商务股份有限公司
1096,所属公司,边缘智能研究院南京有限公司
1097,所属公司,上海微创软件股份有限公司
1098,所属公司,鞍山辛溢福餐饮管理有限责任公司
1099,所属公司,无锡美曼酒店管理有限公司
1100,所属公司,金华高格软件有限公司
1101,所属公司,无锡锡游互动网络科技有限公司
1102,所属公司,佛山市纤舒家居用品有限公司
1103,所属公司,东莞市创盛企业形象策划有限公司
1104,所属公司,杭州猎米网络科技有限公司
1105,所属公司,南京先极科技有限公司
1106,所属公司,北京博健达科技有限公司
1107,所属公司,上海华胄网络科技有限公司
1108,所属公司,科维城（上海）信息科技有限公司
1109,所属公司,北京中科泰元科技有限公司
1110,所属公司,湖南拓维云创科技有限责任公司
1111,所属公司,西安绿点信息科技有限公司
1112,所属公司,吉林省吉长科技有限公司
1113,所属公司,中软国际科技服务有限公司
1114,所属公司,常州同米信息技术有限公司
1115,所属公司,北京科蓝软件系统股份有限公司
1116,所属公司,苏州好先生网络科技有限公司
1117,所属公司,"
南方路机
"
1118,所属公司,苏州恒琪信息科技有限公司
1119,所属公司,深圳市天马运通货运代理有限公司
1120,所属公司,长沙能川信息科技有限公司
1121,所属公司,北京兰姆达科技有限公司
1122,所属公司,上海朝赞信息科技有限公司
1123,所属公司,博彦科技股份有限公司
1124,所属公司,广东菲尔汽车零部件有限公司
1125,所属公司,武汉镞然供应链管理有限公司
1126,所属公司,上海熙瑾信息技术有限公司
1127,所属公司,徐州恒远高新技术有限公司
1128,所属公司,柯莱特信息技术有限公司
1129,所属公司,四川古玥优聚建筑科技有限公司
1130,所属公司,郑州时空隧道信息技术有限公司
1131,所属公司,江苏灵匠信息科技有限公司
1132,所属公司,深圳市栽诚科技有限公司
1133,所属公司,重庆凯瑞机器人技术有限公司
1134,所属公司,吉林省创想科技有限公司
1135,所属公司,陕西丝路智慧农旅信息科技有限公司
1136,所属公司,成都阿商信息技术有限公司
1137,所属公司,福建南威软件有限公司
1138,所属公司,海南红瑞医疗美容投资管理有限公司
1139,所属公司,唯唯诺（昆明）科技有限责任公司
1140,所属公司,北京助创科技有限公司
1141,所属公司,宜昌海博软件科技有限公司
1142,所属公司,上海聚奥信息技术有限公司
1143,所属公司,珠海朋奇科技有限责任公司
1144,所属公司,杭州必有邻信息系统有限公司
1145,所属公司,新疆捷升科技有限公司
1146,所属公司,大连斯锐信息技术有限公司
1147,所属公司,深圳市华科成长软件有限公司
1148,所属公司,数字广东网络建设有限公司
1149,所属公司,海南清修数字药房健康产业集团有限公司
1150,所属公司,杭州财人汇网络股份有限公司
1151,所属公司,广州魔笛信息科技有限公司
1152,所属公司,深圳市网新新思软件有限公司
1153,所属公司,华星智博（山东）信息咨询管理有限公司
1154,所属公司,云计划软件科技（上海）有限公司
1155,所属公司,大连荣创商贸有限公司
1156,所属公司,九牧厨卫股份有限公司
1157,所属公司,广州尊一信息科技有限公司
1158,所属公司,上海平熙信息技术合伙企业（普通合伙）
1159,所属公司,北京瑞德合创科技发展有限公司
1160,所属公司,南京迪塔维数据技术有限公司
1161,所属公司,深圳市法本信息技术股份有限公司
1162,所属公司,浙江华东工程数字技术有限公司
1163,所属公司,中智华清（北京）科技有限公司
1164,所属公司,徐州齐云网络科技有限公司
1165,所属公司,重庆新致金服信息技术有限公司
1166,所属公司,芜湖市德诚软件技术有限公司
1167,所属公司,上海佩琪信息技术有限公司
1168,所属公司,广东丑寅控股集团有限公司
1169,所属公司,苏州科大国创信息技术有限公司
1170,所属公司,盐城数云软件科技有限公司
1171,所属公司,上海新致软件股份有限公司
1172,所属公司,长沙全程迅通科技开发有限公司
1173,所属公司,沈阳天骐软件技术有限公司
1174,所属公司,北京独创时代科技有限公司
1175,所属公司,北京蜂鸟视图科技有限公司
1176,所属公司,上海稚玖科技有限公司
1177,所属公司,广州市如泰电子科技集团有限公司
1178,所属公司,北京远浪信息技术有限公司
1179,所属公司,北京云融天下科技有限公司
1180,所属公司,南京慧明软件技术有限公司
1181,所属公司,长春市吉佳通达信息技术有限责任公司
1182,所属公司,大连亚迅科技有限公司
1183,所属公司,珠海市横琴博贤智能科技有限公司
1184,所属公司,青岛雅斯生物科技有限公司
1185,所属公司,河南牧原智能科技有限公司
1186,所属公司,中环国投（北京）环境信息科技股份有限公司
1187,所属公司,江苏雨润精选食品股份有限公司
1188,所属公司,合肥元宇车联科技有限公司
1189,所属公司,南京版石软件技术有限公司
1190,所属公司,北京快益通科技有限公司
1191,所属公司,四川凌霖科技有限公司
1192,所属公司,诚迈科技（南京）股份有限公司
1193,所属公司,神州数码信息服务股份有限公司
1194,所属公司,深圳市思立普科技有限公司
1195,所属公司,广州市汇佑友信息科技有限公司
1196,所属公司,浙江义库信息技术有限公司
1197,所属公司,深圳晴润科技有限公司
1198,所属公司,广东卡百利新材料科技有限公司
1199,所属公司,"
翺翔建筑设计科技开发
"
1200,所属公司,北京航天通联科技有限公司
1201,所属公司,博彦科技承德有限公司
1202,所属公司,北京神州视翰科技有限公司
1203,所属公司,信雅达科技股份有限公司
1204,所属公司,武汉讯锡云科技有限公司
1205,所属公司,北京加菲智能科技有限公司
1206,所属公司,上海尼好系统集成有限公司
1207,所属公司,杭州壹凌贰四互联网科技有限公司
1208,所属公司,上海集优财务咨询有限公司
1209,所属公司,北方智企（山东）科技创新有限公司
1210,所属公司,四川青霆科技有限公司
1211,所属公司,广州青为科技创新有限公司
1212,所属公司,数语（重庆）科技有限公司
1213,所属公司,"
玑脉数据
"
1214,所属公司,德汇融资租赁有限公司
1215,所属公司,陕西天璇信息科技有限公司
1216,所属公司,莆田市申禾科技有限公司
1217,所属公司,福建捷宇电脑科技有限公司
1218,所属公司,上海问饰网络科技有限公司
1219,所属公司,重庆璐付科技有限公司
1220,所属公司,武汉君鑫科技有限公司
1221,所属公司,广东世寰智能科技有限公司
1222,所属公司,广州佛朗斯股份有限公司
1223,所属公司,"
德科信息
"
1224,所属公司,同程网络科技股份有限公司
1225,所属公司,江苏祥晏科技集团有限公司
1226,所属公司,上海毅成软件科技有限公司
1227,所属公司,南京小裂变网络科技有限公司
1228,所属公司,北京大为知创科技有限公司
1229,所属公司,海南盛科慧达科技有限公司
1230,所属公司,江苏本初信息科技有限公司
1231,所属公司,匠通企业服务（北京）有限公司
1232,所属公司,上海晓材科技有限公司
1233,所属公司,南京苏艾科软件技术有限公司
1234,所属公司,广州泛睿企业管理信息咨询有限公司
1235,所属公司,苏州天保供应链信息技术服务有限公司
1236,所属公司,河北天英软件科技有限公司
1237,所属公司,北京合力亿捷科技股份有限公司
1238,所属公司,北京展天教学设备有限公司
1239,所属公司,新疆便利圈电子商务有限公司
1240,所属公司,广西泛航国际物流有限公司
1241,所属公司,武汉悦畅联科技有限公司
1242,所属公司,广州市字符跳动信息科技有限公司
1243,所属公司,上海米第尔信息技术有限公司
1244,所属公司,东莞市创盛企业形象策划有限公司
1245,所属公司,南京辰驰软件技术有限公司
1246,所属公司,上海宽文是风软件有限公司
1247,所属公司,山东庞博跨境电子商务有限公司
1248,所属公司,上海全晓信息技术有限公司
1249,所属公司,"
格品科技
"
1250,所属公司,北京米有校园科技有限公司
1251,所属公司,北京卓信智恒数据科技股份有限公司
1252,所属公司,武汉聚龙时空信息技术有限公司
1253,所属公司,西安鑫记信息科技有限公司
1254,所属公司,深圳市昱洁科技有限公司
1255,所属公司,上海星图比特信息技术服务有限公司
1256,所属公司,武汉佰钧成技术有限责任公司
1257,所属公司,"
直真科技
"
1258,所属公司,重庆跨越互动科技有限公司
1259,所属公司,河北大信文化传播有限公司
1260,所属公司,朗境环保科技有限公司
1261,所属公司,上海述信信息科技有限公司
1262,所属公司,上海品码网络技术有限公司
1263,所属公司,深圳市印象网络有限公司
1264,所属公司,杭州趣村游文旅集团有限公司
1265,所属公司,安徽子叶科技有限公司
1266,所属公司,捷佳润科技集团股份有限公司
1267,所属公司,科顺防水科技股份有限公司
1268,所属公司,北京捷诺视讯数码科技有限公司
1269,所属公司,深圳市信诚网络技术有限公司
1270,所属公司,上海华胄网络科技有限公司
1271,所属公司,浙江小蚁信息科技有限公司
1272,所属公司,广东潮宏基实业股份有限公司
1273,所属公司,南京麦森生物科技有限公司
1274,所属公司,上海极羽科技有限公司
1275,所属公司,武汉正合电子有限公司
1276,所属公司,重庆璐付科技有限公司
1277,所属公司,无限魔方（深圳）科技有限公司
1278,所属公司,深圳华云信息系统科技股份有限公司
1279,所属公司,江苏润和软件股份有限公司
1280,所属公司,信必优（深圳）信息技术有限公司
1281,所属公司,北京海立晶科技有限公司
1282,所属公司,合肥元宇车联科技有限公司
1283,所属公司,湖南数字云起科技有限公司
1284,所属公司,深圳市仟佰科技有限公司
1285,所属公司,买板材（上海）网络科技有限公司
1286,所属公司,上海什码网络科技有限公司
1287,所属公司,申科控股集团有限公司
1288,所属公司,仟传网络科技（上海）有限公司
1289,所属公司,北京神州新桥科技有限公司
1290,所属公司,南京星谱智信息科技有限公司
1291,所属公司,时时网络技术有限公司
1292,所属公司,武汉美萌软件科技有限公司
1293,所属公司,杭州嘉璐科技有限公司
1294,所属公司,武汉艾碳智能科技有限公司
1295,所属公司,南宁市迈越软件有限责任公司
1296,所属公司,温州讯驰通科技有限公司
1297,所属公司,深圳建广数字科技有限公司
1298,所属公司,北方智企（山东）科技创新有限公司
1299,所属公司,工福（北京）科技发展有限公司
1300,所属公司,上海天际互娱科技有限公司
1301,所属公司,北京值得买科技股份有限公司
1302,所属公司,北京九恒星科技股份有限公司
1303,所属公司,妈妈在线国际网络科技有限公司北京分公司
1304,所属公司,"
翺翔建筑设计科技开发
"
1305,所属公司,易诚高科（大连）科技有限公司
1306,所属公司,北京轻松致远科技有限责任公司
1307,所属公司,山东兵圣网络安全技术有限公司
1308,所属公司,信雅达科技股份有限公司
1309,所属公司,福州剑讯网络科技有限公司
1310,所属公司,万宝简斯（上海）智能科技有限公司
1311,所属公司,上海瑞应人才科技集团有限公司
1312,所属公司,北京兰姆达科技有限公司
1313,所属公司,未知
1314,所属公司,上海述信信息科技有限公司
1315,所属公司,上海小牛互娱智能科技有限公司
1316,所属公司,北京米有校园科技有限公司
1317,所属公司,上海青蓝超娱网络科技有限公司
1318,所属公司,一点灵犀信息技术（广州）有限公司
1319,所属公司,上海敬之网络科技有限公司
1320,所属公司,未知
1321,所属公司,上海智目科技有限公司
1322,所属公司,未知
1323,所属公司,深圳极联信息技术股份有限公司
1324,所属公司,北京青初于蓝信息技术有限公司
1325,所属公司,武汉佰钧成技术有限责任公司
1326,所属公司,亿达信息技术有限公司
1327,所属公司,上海星图比特信息技术服务有限公司
1328,所属公司,中科创达软件股份有限公司
1329,所属公司,博彦科技股份有限公司
1330,所属公司,北京世纪好未来教育科技有限公司
1331,所属公司,未知
1332,所属公司,深圳前海明粤新思软件有限公司
1333,所属公司,深圳市予信科技有限公司
1334,所属公司,上海巧睿思信息技术有限公司
1335,所属公司,滴滴出行科技有限公司
1336,所属公司,广州力挚网络科技有限公司
1337,所属公司,浙江天达智能科技有限公司
1338,所属公司,深圳市万顺通国际旅行社有限公司
1339,所属公司,宁波启山科技有限公司
1340,所属公司,厦门云行信息科技有限公司
1341,所属公司,同程网络科技股份有限公司
1342,所属公司,未知
1343,所属公司,北京商越网络科技有限公司
1344,所属公司,未知
1345,所属公司,神州通誉软件（上海）股份有限公司
1346,所属公司,中瑞数通（北京）科技有限公司
1347,所属公司,数库（上海）科技有限公司
1348,所属公司,深圳市怡亚通供应链股份有限公司
1349,所属公司,未知
1350,所属公司,北京金色世纪商旅网络科技股份有限公司
1351,所属公司,杭州游卡网络技术有限公司
1352,所属公司,未知
1353,所属公司,未知
1354,所属公司,未知
1355,所属公司,协鑫能源科技股份有限公司
1356,所属公司,未知
1357,所属公司,鼎捷软件股份有限公司
1358,所属公司,北京京东科技有限公司
1359,所属公司,双镜智能（杭州）有限公司
1360,所属公司,广东若铂智能机器人有限公司
1361,所属公司,深圳智联时代信息技术有限公司
1362,所属公司,未知
1363,所属公司,杭州微声科技有限公司
1364,所属公司,北京龙前数字科技有限公司
1365,所属公司,未知
1366,所属公司,未知
1367,所属公司,未知
1368,所属公司,安徽企恒文化传媒有限公司
1369,所属公司,北京希瑞亚斯科技有限公司
1370,所属公司,未知
1371,所属公司,携程计算机技术（上海）有限公司
1372,所属公司,支付宝（杭州）信息技术有限公司
1373,所属公司,未知
1374,所属公司,北京杰杰鑫嘉诚建设工程有限公司
1375,所属公司,北京蚂蚁云金融信息服务有限公司
1376,所属公司,保定伯荐服装有限公司
1377,所属公司,汉沙数字科技集团有限公司
1378,所属公司,未知
1379,所属公司,湖州全都来了网络科技有限公司
1380,所属公司,六度云计算有限公司北京分公司
1381,所属公司,英肯智能科技（深圳）有限公司
1382,所属公司,福州顶点信息管理有限公司
1383,所属公司,源杉数据科技（上海）有限公司
1384,所属公司,未知
1385,所属公司,广州赛意信息科技股份有限公司
1386,所属公司,深圳市大恒数据安全科技有限责任公司
1387,所属公司,广州恒昕科技有限公司
1388,所属公司,北京软通磐石信息技术有限公司
1389,所属公司,上海千昳科技有限公司
1390,所属公司,未知
1391,所属公司,北京华维顿科技有限公司
1392,所属公司,成都炜烁科技有限责任公司
1393,所属公司,上海艺橙数码科技工作室
1394,所属公司,未知
1395,所属公司,上海驿申信息科技有限公司
1396,所属公司,未知
1397,所属公司,北京优码科技有限公司
1398,所属公司,广州视源电子科技股份有限公司
1399,所属公司,未知
1400,所属公司,河南一剑信息科技有限公司
1401,所属公司,深圳乐汇薪网络科技有限公司
1402,所属公司,未知
1403,所属公司,亿家生命健康管理（浙江）股份有限公司
1404,所属公司,北京京东科技有限公司
1405,所属公司,广州南田互联网科技有限公司
1406,所属公司,校宝在线（杭州）科技股份有限公司
1407,所属公司,北京蚂蚁云金融信息服务有限公司
1408,所属公司,广东赛意信息科技有限公司
1409,所属公司,支付宝（杭州）信息技术有限公司
1410,所属公司,未知
1411,所属公司,未知
1412,所属公司,福建票付通信息科技有限公司
1413,所属公司,美云智数科技有限公司
1414,所属公司,北京金色世纪商旅网络科技股份有限公司
1415,所属公司,深圳市云上购电子商务有限公司
1416,所属公司,广州指尖信息技术有限公司
1417,所属公司,北京爱可思网络科技有限公司
1418,所属公司,未知
1419,所属公司,未知
1420,所属公司,未知
1421,所属公司,北京杰杰鑫嘉诚建设工程有限公司
1422,所属公司,锐仕方达人才科技集团有限公司
1423,所属公司,上海轩言网络信息科技有限公司
1424,所属公司,玖比肆科技（北京）有限公司
1425,所属公司,汉沙数字科技集团有限公司
1426,所属公司,北京高伟达钽云科技有限公司
1427,所属公司,广州白驹科技有限公司
1428,所属公司,深圳四方精创资讯股份有限公司
1429,所属公司,杭州爱逛网络信息服务有限公司
1430,所属公司,深圳市北科检测科技有限公司
1431,所属公司,未知
1432,所属公司,淘宝（中国）软件有限公司
1433,所属公司,北京新橙科技有限公司
1434,所属公司,上海万蔚数字科技有限公司
1435,所属公司,未知
1436,所属公司,西格玛（海南）家居科技发展有限责任公司
1437,所属公司,未知
1438,所属公司,江苏博云科技股份有限公司
1439,所属公司,吉利汽车研究院（宁波）有限公司
1440,所属公司,"
大连睿能
"
1441,所属公司,青岛尚美数智科技集团有限公司
1442,所属公司,杭州嘉璐科技有限公司
1443,所属公司,跨越速运集团有限公司
1444,所属公司,比飞科技（深圳）有限公司
1445,所属公司,深圳市武林网络科技有限公司
1446,所属公司,杭州有赞科技有限公司
1447,所属公司,杭州问果科技有限公司
1448,所属公司,深圳叮当科技技术有限公司
1449,所属公司,未知
1450,所属公司,未知
1451,所属公司,未知
1452,所属公司,济南阿拉易网络科技有限公司
1453,所属公司,浙江讯盟科技有限公司
1454,所属公司,未知
1455,所属公司,北京华腾龙飞科技有限公司
1456,所属公司,北京六合神州科技有限公司
1457,所属公司,浙江永旗区块链科技有限公司
1458,所属公司,深圳兔展智能科技有限公司
1459,所属公司,上海识装信息科技有限公司
1460,所属公司,南京善宠网络科技有限公司
1461,所属公司,北京嘀嘀无限科技发展有限公司
1462,所属公司,北京杰睿中恒科技有限公司
1463,所属公司,深圳市腾讯计算机系统有限公司
1464,所属公司,北京智铖创新科技有限公司
1465,所属公司,北京软虹科技有限公司
1466,所属公司,微象限（北京）科技有限责任公司
1467,所属公司,苏州诺而为工业技术服务有限公司
1468,所属公司,大连信正科技有限公司
1469,所属公司,上海钢联物流股份有限公司
1470,所属公司,塔塔信息技术（中国）有限责任公司
1471,所属公司,上海巧睿思信息技术有限公司
1472,所属公司,佛山市鼎灏信息科技有限公司
1473,所属公司,杭州合聚变信息技术有限公司福州分公司
1474,所属公司,杭州嘉洁网络科技有限公司
1475,所属公司,吉林省鑫泽网络技术有限公司
1476,所属公司,深圳市科南软件有限公司
1477,所属公司,未知
1478,所属公司,北京瑞友数字科技有限责任公司
1479,所属公司,有因信息科技（上海）有限公司
1480,所属公司,重庆市本手科技有限公司
1481,所属公司,成都极均互娱网络科技有限公司
1482,所属公司,北京矩立信息技术有限公司
1483,所属公司,杭州喔影网络科技有限公司
1484,所属公司,上海通办信息服务有限公司
1485,所属公司,豪波安全科技有限公司
1486,所属公司,杭州轻舟科技有限公司
1487,所属公司,北京中科星链大数据技术研究院
1488,所属公司,广州南田互联网科技有限公司
1489,所属公司,安徽省智慧交通科技有限责任公司
1490,所属公司,未知
1491,所属公司,未知
1492,所属公司,内蒙古助梦网络科技有限公司
1493,所属公司,北京贞元智能科技有限公司
1494,所属公司,未知
1495,所属公司,义乌中国小商品城大数据有限公司
1496,所属公司,未知
1497,所属公司,安元科技股份有限公司
1498,所属公司,未知
1499,所属公司,北京医视时代科技发展有限公司
1500,所属公司,富泰华工业（深圳）有限公司
1501,所属公司,江西爱学坊教育科技有限公司
1502,所属公司,上海驿申信息科技有限公司
1503,所属公司,北京爱可思网络科技有限公司
1504,所属公司,深圳市知乐学科技有限公司
1505,所属公司,重庆领工云电子商务有限公司
1506,所属公司,湖南兴盛优选电子商务有限公司
1507,所属公司,上海知平信息技术有限公司
1508,所属公司,北京医合易生科技有限公司
1509,所属公司,中天智信（北京）科技有限公司
1510,所属公司,上海驿氪信息科技有限公司
1511,所属公司,深圳鲸睿网络科技有限公司
1512,所属公司,微知（上海）服务外包科技有限公司北京分公司
1513,所属公司,北京橙溪科技有限公司
1514,所属公司,杭州元声象素科技有限公司
1515,所属公司,上海熵央信息科技有限公司
1516,所属公司,天津大海云科技有限公司
1517,所属公司,北京有谦长伴网络科技有限公司
1518,所属公司,深圳市创互科技有限公司
1519,所属公司,未知
1520,所属公司,上海哈啰普惠科技有限公司
1521,所属公司,上海蜂雀网络科技有限公司
1522,所属公司,北京隆盛泰和科技有限公司
1523,所属公司,杭州菜鸟供应链管理有限公司
1524,所属公司,深圳市信联电子支付系统有限公司
1525,所属公司,杭州中奥科技有限公司
1526,所属公司,上海捷晓信息技术有限公司
1527,所属公司,杭州求是云医科技有限公司
1528,所属公司,上海沃齐行贸易有限公司
1529,所属公司,深圳市明源云科技有限公司
1530,所属公司,武汉有猿网络科技有限公司
1531,所属公司,酷能（上海）能源科技有限公司
1532,所属公司,杭州天阙科技有限公司
1533,所属公司,杭州木成生物科技有限公司
1534,所属公司,杭州中奥科技有限公司
1535,所属公司,上海觅知网络科技有限公司
1536,所属公司,小蜜蜂园丁数字科技（上海）有限公司
1537,所属公司,厦门极畅科技有限公司
1538,所属公司,杭州托秘网络科技有限公司
1539,所属公司,杭州每刻科技有限公司
1540,所属公司,未知
1541,所属公司,未知
1542,所属公司,南京苏宁软件技术有限公司
1543,所属公司,上海申雪供应链管理有限公司
1544,所属公司,上海蜂雀网络科技有限公司
1545,所属公司,空间跳跃（深圳）科技有限公司
1546,所属公司,广东美物纪数字技术有限公司
1547,所属公司,诗与远方（上海）文化创意有限公司
1548,所属公司,杭州涂鸦信息技术有限公司
1549,所属公司,链国工供应链（深圳）有限公司
1550,所属公司,上海金抖云网络信息科技有限公司
1551,所属公司,深圳市慧影科技有限公司
1552,所属公司,广州红迅软件有限公司
1553,所属公司,"
陕西中易拓为
"
1554,所属公司,中泰信息技术（常州）有限公司
1555,所属公司,迈动互联（北京）信息科技有限公司
1556,所属公司,成都库珀恒安科技有限公司
1557,所属公司,北京连接时代科技有限公司
1558,所属公司,未知
1559,所属公司,成都睿信天和科技有限公司
1560,所属公司,杭州吉客印数据科技有限公司
1561,所属公司,未知
1562,所属公司,上海联寓智能科技有限公司
1563,所属公司,福建金瑞信息技术有限公司
1564,所属公司,北京淘金汇诚科技有限公司
1565,所属公司,巴彦淖尔市精宜佳装饰有限公司
1566,所属公司,肥城市酷比乐教育科技有限责任公司
1567,所属公司,德阳市旌阳区博文教育培训学校
1568,所属公司,桑植故事星空培训有限公司
1569,所属公司,"
中寰通信
"
1570,所属公司,锦州信百泰办公设备有限公司
1571,所属公司,山东云慧教育信息咨询有限公司
1572,所属公司,山西云曜科技有限公司
1573,所属公司,山西青云志科技有限公司
1574,所属公司,海南蓝点计算机网络工程有限公司
1575,所属公司,重庆恒北智能科技有限公司
1576,所属公司,浚县励志培训学校
1577,所属公司,山西旷麟大药房连锁有限公司南广场店
1578,所属公司,安徽载福智能科技有限公司
1579,所属公司,山西灿森网络科技有限公司
1580,所属公司,河北金叶网络科技有限公司
1581,所属公司,内蒙古浩腾和润科技有限公司
1582,所属公司,文水县鹏程启航教育科技发展有限公司
1583,所属公司,吉林市华网通讯科技有限公司
1584,所属公司,长春志恒教育咨询有限公司
1585,所属公司,济南元科电子有限公司
1586,所属公司,西安快邦云科信息技术有限公司
1587,所属公司,湖南峻鑫智能科技有限公司
1588,所属公司,松原市华玺财务服务有限公司
1589,所属公司,陕西港青建筑工程有限公司
1590,所属公司,广西上品荟企业管理有限公司
1591,所属公司,内蒙古宇山电子科技有限公司
1592,所属公司,广东诺其信息科技有限公司
1593,所属公司,黄冈市茗府商贸有限公司
1594,所属公司,安徽江北美图信息科技有限公司
1595,所属公司,唐山市远卓技工学校有限公司
1596,所属公司,黑龙江艾克森信息科技有限公司
1597,所属公司,汝州市智学科技培训有限公司
1598,所属公司,沈阳众睿教育咨询有限公司
1599,所属公司,文杰视点（营口）网络科技有限公司
1600,所属公司,朝阳市云飞职业培训学校
1601,所属公司,内蒙古集正建筑工程有限公司
1602,所属公司,陕西寰宇无人机科技有限公司
1603,所属公司,亳州市谯城区启凡职业培训学校有限公司
1604,所属公司,深圳市培林体育科技有限公司
1605,所属公司,河津市瓦力机器人科技有限公司
1606,所属公司,山西晋芯科技有限公司
1607,所属公司,扬州市少码王教育科技有限公司
1608,所属公司,潮州市方向传媒信息科技有限公司
1609,所属公司,鸡西市瑞琪网络科技有限公司
1610,所属公司,成都市万隆博雅文化传播有限公司
1611,所属公司,临汾市至道科技有限公司
1612,所属公司,武汉小循环软件有限公司
1613,所属公司,大安市华誉农村电子商务有限责任公司
1614,所属公司,西安理光现代办公设备有限责任公司
1615,所属公司,山东贝叶斯信息科技有限公司
1616,所属公司,亳州市万蓬教育科技有限公司
1617,所属公司,"
银河伟业
"
1618,所属公司,甘肃雨丰电子科技有限公司
1619,所属公司,广东博晨财务咨询有限公司
1620,所属公司,福建商强网络系统有限公司
1621,所属公司,吉安市青原区大合电商中心
1622,所属公司,知行良知实业股份有限公司
1623,所属公司,隆化县麦迪森儿童娱乐中心
1624,所属公司,桥西飞编客计算机技术咨询中心
1625,所属公司,宁夏天选云电子服务有限公司
1626,所属公司,合肥市八方通信有限公司
1627,所属公司,青岛铭尚电子信息工程有限公司
1628,所属公司,苏州上元经纬培训有限公司江都分公司
1629,所属公司,"
润土教育
"
1630,所属公司,潮州市蚯蚓文化传播有限公司
1631,所属公司,中山菊城假期商旅发展有限公司
1632,所属公司,商丘市编程侠科技有限公司
1633,所属公司,咸阳中远电子有限公司
1634,所属公司,赤峰佳智教育科技有限公司
1635,所属公司,河北新航帆网络科技集团有限公司
1636,所属公司,"
大路桥翻译财务
"
1637,所属公司,内蒙古诚誉海天教育咨询有限责任公司
1638,所属公司,高平市晋级文化传媒有限公司
1639,所属公司,山西云之巽文化发展有限公司
1640,所属公司,昌黎县博智儿童乐园
1641,所属公司,四川沃尔夫斯商贸有限公司
1642,所属公司,阅然纸上（辽宁省）文化传媒有限责任公司
1643,所属公司,牡丹江奇云牛牲畜销售有限公司
1644,所属公司,上海汇燊科技有限公司
1645,所属公司,吉林市东元智能科技有限责任公司
1646,所属公司,饶平县盛星设计工作室
1647,所属公司,武汉静嘉企业管理咨询有限公司
1648,所属公司,信阳建工质量检测有限公司
1649,所属公司,盘锦市兴隆台区金管家网络科技中心
1650,所属公司,黑龙江鑫格贸易有限公司
1651,所属公司,杭州互互惠利网络科技有限公司
1652,所属公司,赤峰市比茨商贸有限公司
1653,所属公司,益阳家博装饰设计工程有限公司
1654,所属公司,亳州市万蓬教育科技有限公司
1655,所属公司,河北新航帆网络科技集团有限公司
1656,所属公司,杭州菁业科技有限公司
1657,所属公司,西安呀咪心教育科技有限公司
1658,所属公司,江西狼道文化传媒有限公司
1659,所属公司,衡阳众德智能科技有限公司
1660,所属公司,吉林省硕华教育咨询有限公司
1661,所属公司,普洱市思茅区苏鑫商贸有限公司
1662,所属公司,黑龙江省速达信息产业股份有限公司
1663,所属公司,徐州鲁环车业有限公司
1664,所属公司,上海汇燊科技有限公司
1665,所属公司,陕西方石网络科技有限公司
1666,所属公司,安徽务正智控科技有限公司
1667,所属公司,德宏州智威科技有限公司
1668,所属公司,晋中星科科技发展有限公司
1669,所属公司,山西世纪同兴科技股份有限公司
1670,所属公司,辽宁造物科技有限公司
1671,所属公司,山东海月龙宫商业管理有限公司
1672,所属公司,铁岭市冰砬山森林资源开发有限责任公司
1673,所属公司,河南优捷信息技术有限公司
1674,所属公司,北京博通讯远通信工程有限公司
1675,所属公司,天镇县洋河职业培训学校
1676,所属公司,河南中规企业管理咨询有限公司
1677,所属公司,广西南宁跃美商务有限公司
1678,所属公司,海南亿兆网络科技有限公司
1679,所属公司,太原易锦科技有限公司
1680,所属公司,阜阳市颍东区优而仕课外培训学校有限公司
1681,所属公司,江门市铂睿科技有限公司
1682,所属公司,北京丽兹行房地产顾问有限公司
1683,所属公司,四川冉东建设工程有限公司
1684,所属公司,丹东天和实业有限公司
1685,所属公司,"
精工口腔
"
1686,所属公司,南充妍馨商贸有限公司
1687,所属公司,杭州前方卫客电子技术有限公司
1688,所属公司,秦皇岛市创业就业训练中心（秦皇岛市交通技工学校）
1689,所属公司,山西佳维新材料股份有限公司
1690,所属公司,南宁广学教育咨询有限公司
1691,所属公司,武汉建优欣网科技有限公司
1692,所属公司,滨州童言无忌教育科技有限公司
1693,所属公司,吉林省好前程教育信息咨询有限公司
1694,所属公司,长治市福喜商贸有限公司
1695,所属公司,西平县华远职业培训学校
1696,所属公司,张家口市宣化正力平衡机有限公司
1697,所属公司,"
宝康医药
"
1698,所属公司,安徽志坤企业管理集团有限公司
1699,所属公司,安庆市宜秀区美声汽车音响经营部
1700,所属公司,济源科能网络科技工作室
1701,所属公司,陕西广电网络传媒（集团）股份有限公司留坝县支公司
1702,所属公司,长春沃伦科技有限公司
1703,所属公司,吉林省德宇文化传媒发展有限公司
1704,所属公司,厦门蜂米信息科技有限公司
1705,所属公司,河南涟漪传媒科技有限公司
1706,所属公司,泉州传奇一品视觉创意有限公司
1707,所属公司,河南鹏程翔餐饮服务有限公司
1708,所属公司,山西和畅佳业信息科技有限公司
1709,所属公司,河北拓日网络科技有限公司
1710,所属公司,晋城市宏达实业有限公司
1711,所属公司,山西天佑坤达燃气有限公司
1712,所属公司,呼和浩特市蒙能科技有限责任公司
1713,所属公司,临汾市丽乾科技有限公司
1714,所属公司,山西菲达科技有限公司
1715,所属公司,山西慧盾科技有限公司
1716,所属公司,长治京汇科技有限公司
1717,所属公司,淮南恩瑞文化艺术培训有限公司
1718,所属公司,衡阳雷铄科技有限公司
1719,所属公司,通辽市智尚网络科技有限责任公司
1720,所属公司,河南维之科电子科技有限公司
1721,所属公司,亳州爱尔眼科医院有限公司
1722,所属公司,龙里县翼翔驾驶培训有限责任公司
1723,所属公司,海南捷诚装饰工程有限公司
1724,所属公司,长春市德丰中等职业学校
1725,所属公司,呼和浩特市金科网信科技有限公司
1726,所属公司,陕西君盟义达建筑工程有限公司
1727,所属公司,西安文曦雅科技有限公司
1728,所属公司,山西华峰科信有限责任公司
1729,所属公司,北京云腾慧杰信息咨询有限公司
1730,所属公司,锦州零度网络科技有限公司
1731,所属公司,泸州元顺汽车服务有限公司
1732,所属公司,酒泉一心科技有限公司
1733,所属公司,唐河县杨梅职业培训学校
1734,所属公司,连云港艾贝儿教育科技有限公司
1735,所属公司,衡水安然网络科技有限公司
1736,所属公司,安徽财信绩效信息咨询有限公司
1737,所属公司,青岛中垠瑞丰国际贸易有限公司
1738,所属公司,云南磊金科技有限公司
1739,所属公司,鸿巨网络科技衡水有限公司
1740,所属公司,邯郸市翰光学校
1741,所属公司,五原县幸和商贸有限责任公司
1742,所属公司,福建山水智业旅游发展有限公司
1743,所属公司,祁县中望培训学校
1744,所属公司,北京易企宣科技有限公司
1745,所属公司,张掖市铭源电子商贸有限公司
1746,所属公司,高平市东方之星书画艺术有限公司
1747,所属公司,山西晋星潮文化科技有限公司
1748,所属公司,内蒙古智慧星耀智能科技有限公司
1749,所属公司,吕梁市亿申电子商务有限责任公司
1750,所属公司,邯山区曜阳养老服务中心
1751,所属公司,杭州卓信经济信息咨询有限公司
1752,所属公司,新疆聚之家医药有限公司
1753,所属公司,博彦科技承德有限公司
1754,所属公司,山西闽通元信息科技有限公司
1755,所属公司,南充市中斯教育咨询有限公司
1756,所属公司,铁岭市派特麦卡锡教育培训中心有限公司
1757,所属公司,云南锦尚禧婚庆企划有限公司
1758,所属公司,山东金柳枝文化传媒有限公司
1759,所属公司,长沙瀛洲潇湘文化发展有限公司
1760,所属公司,河南财锐工程咨询服务有限公司
1761,所属公司,江苏海猫智能货架制造有限公司
1762,所属公司,大连克洛诺斯智能化工程有限公司
1763,所属公司,河北宏力资产房地产估价有限公司
1764,所属公司,邹平黄山倾城婚纱店
1765,所属公司,"
丹东泓信医院
"
1766,所属公司,新乡市雄风机械有限公司
1767,所属公司,内蒙古格帆泽科技有限公司
1768,所属公司,辽宁东仪自控技术股份有限公司
1769,所属公司,吉林参草花科技产品有限公司
1770,所属公司,五牧云仓（辽宁）生物科技有限公司
1771,所属公司,安庆安馨综合门诊部有限公司
1772,所属公司,大同市圣莲心医疗美容有限公司
1773,所属公司,新北区月星艺立美苑装饰设计工作室
1774,所属公司,山东葆春堂大药房连锁有限公司
1775,所属公司,青天伟业仪器仪表有限公司
1776,所属公司,唐山公路港物流有限公司
1777,所属公司,内蒙古奇云网络技术有限公司
1778,所属公司,西安德方电子科技有限公司
1779,所属公司,漳州南新房地产代理有限公司
1780,所属公司,内蒙古凯航信息技术有限责任公司
1781,所属公司,河北东驰城市轨道交通设备有限公司
1782,所属公司,邵阳圆宇创新电子科技有限公司
1783,所属公司,邯郸市端鹏物流科技有限公司
1784,所属公司,山东军创联企业发展有限公司
1785,所属公司,辽宁泓澄网络科技有限公司
1786,所属公司,仙桃市台北新娘婚纱摄影部
1787,所属公司,唐山市丰润区云海广告有限公司
1788,所属公司,三亚市游艇服务有限公司
1789,所属公司,南宁市云贝电子科技有限责任公司
1790,所属公司,四川泰世通科技有限公司
1791,所属公司,北京中公教育科技有限公司青海分公司
1792,所属公司,秦皇岛车友来汽车运动有限公司
1793,所属公司,经开区湖小鲜餐厅
1794,所属公司,忻州市华明汽车销售有限公司
1795,所属公司,秦皇岛市北戴河渤海电子衡器有限公司
1796,所属公司,青海宏心源企业管理有限公司
1797,所属公司,南阳道酬信息技术有限公司
1798,所属公司,邯郸市复兴区皮艾诺服装店
1799,所属公司,四川水建建设工程有限公司
1800,所属公司,陕西知行天晟网络科技有限公司
1801,所属公司,内蒙古青澄信息咨询有限公司
1802,所属公司,内蒙古拓凡网络科技有限公司
1803,所属公司,贵州姓星禾网络科技有限公司
1804,所属公司,卡卡佳佳文化传媒（海口）有限公司
1805,所属公司,泊头市新天环保设备有限公司
1806,所属公司,"
湾连湾资讯
"
1807,所属公司,大连明佳科技发展有限公司
1808,所属公司,凉山州鸿骏广告有限公司
1809,所属公司,南通火速电子商务技术有限公司
1810,所属公司,包头康正医院
1811,所属公司,"
马鞍山钢城医院
"
1812,所属公司,柳州市螺司令餐饮管理有限公司
1813,所属公司,雷鸣（辽宁）教育咨询有限公司
1814,所属公司,鞍山市铁东区仁医堂名医馆大药房
1815,所属公司,广西报喜鸟商贸有限公司
1816,所属公司,北京工信研拓技术转移有限公司
1817,所属公司,海口美兰浩选优品百货商行
1818,所属公司,深圳满园环境科技有限公司
1819,所属公司,南宁领创网络科技有限公司
1820,所属公司,山东文远环保科技股份有限公司
1821,所属公司,三门峡四季丰果蔬有限公司
1822,所属公司,青岛萱通工贸有限公司
1823,所属公司,北海市海城区对先生婚纱礼服店
1824,所属公司,邵阳市大祥区乐之音教育科技有限公司
1825,所属公司,烟台金壹嘉装饰工程有限公司
1826,所属公司,辽宁卓瑞教育科技集团有限公司
1827,所属公司,湖州横达建设工程有限公司
1828,所属公司,长沙滕励文化传媒有限公司
1829,所属公司,崇左数字城市科技发展有限公司
1830,所属公司,福建美亚爱见康健康管理有限公司
1831,所属公司,西安百腾云信息科技有限公司
1832,所属公司,黑龙江赛安信息技术服务有限公司
1833,所属公司,濮阳市卓凡电子科技有限公司
1834,所属公司,梧州市网维科技有限公司
1835,所属公司,淮南皖淮科技有限公司
1836,所属公司,北京三快在线科技有限公司
1837,所属公司,温州市大荣纺织仪器有限公司
1838,所属公司,汕头市中博职业技术学校
1839,所属公司,东阳市曦安信息技术有限公司
1840,所属公司,深圳市炫之风文化创意有限公司
1841,所属公司,重庆正柱电子工程有限公司
1842,所属公司,泰盈科技集团股份有限公司
1843,所属公司,邯郸市百思互联网信息服务有限公司
1844,所属公司,郑州中胜经贸有限公司
1845,所属公司,洛阳万茗堂电子商务有限公司
1846,所属公司,河北博之昊网络技术有限公司
1847,所属公司,保定万维科技技工学校
1848,所属公司,广东经纶信息咨询有限公司
1849,所属公司,深圳市启博网络有限公司
1850,所属公司,南京师与学教育科技有限责任公司
1851,所属公司,广西自贸区雷森信息科技有限公司
1852,所属公司,甘肃晶日广告印刷有限公司
1853,所属公司,潍坊金联益康安全管理咨询有限公司
1854,所属公司,泉州城市工程技术学校
1855,所属公司,浙江一悦科技有限公司
1856,所属公司,淄博商厦有限责任公司
1857,所属公司,长治市潞城区北方智扬教育科技有限公司
1858,所属公司,山西康镁技工学校
1859,所属公司,合肥东数网络工程有限公司
1860,所属公司,中高后勤服务（云南）有限公司
1861,所属公司,澧县城头山中等职业学校
1862,所属公司,"
东营万济中医医院
"
1863,所属公司,郑州经济技术开发区天齐烟酒店
1864,所属公司,山西安顺达应急管理技术服务有限公司
1865,所属公司,宁夏佰信达网络科技有限公司
1866,所属公司,东莞市铭丰企业会计代理有限公司
1867,所属公司,烟台市利佳数码科技有限公司
1868,所属公司,巴彦淖尔市精宜佳装饰有限公司
1869,所属公司,运城市金梦职业技能培训学校
1870,所属公司,南京科宇德信息科技有限公司
1871,所属公司,济南山业教育科技发展有限公司
1872,所属公司,茂名市天晟文化传播有限公司
1873,所属公司,江苏全欧智能网络科技有限公司
1874,所属公司,盘锦文荣教育管理有限公司
1875,所属公司,成都博瑞天晨科技发展有限公司
1876,所属公司,贵州天之源环保科技发展有限公司
1877,所属公司,新疆金世康药业有限公司
1878,所属公司,新希蓝（山东）教育科技有限公司
1879,所属公司,长春市晟襄信息技术有限公司
1880,所属公司,长治市胜达科技有限公司
1881,所属公司,山西新时代技工学校1
1882,所属公司,保山巨东信息科技有限公司
1883,所属公司,连云港市新华技工学校
1884,所属公司,青岛康顿健康产业有限公司
1885,所属公司,安徽六维时空数字科技有限公司
1886,所属公司,内蒙古天泰电力工程有限责任公司
1887,所属公司,乌鲁木齐汇英宏途电子商务咨询有限公司
1888,所属公司,聊城市博航文化传播有限公司
1889,所属公司,重庆恒北智能科技有限公司
1890,所属公司,汕头市穆维达陶瓷有限公司
1891,所属公司,亿博控股集团有限公司
1892,所属公司,山东蓝客信息科技有限公司
1893,所属公司,汕尾市合禧宜佳房产经纪服务有限公司
1894,所属公司,"
景福教育
"
1895,所属公司,广东锐讯科技有限公司
1896,所属公司,常州九诚科技有限公司
1897,所属公司,云南邦讯电子信息技术服务有限公司
1898,所属公司,内蒙古正鹏电子工程有限公司
1899,所属公司,新疆金善奇智能科技有限公司
1900,所属公司,四川博全科技有限公司
1901,所属公司,安徽达尔智能控制系统股份有限公司
1902,所属公司,山东富通信息科技有限公司
1903,所属公司,连云港万众房产经纪有限公司
1904,所属公司,内蒙古鑫辉信息技术有限责任公司
1905,所属公司,甘肃科跃电子科技有限公司
1906,所属公司,淄博赛博网络科技有限公司
1907,所属公司,赣州市巴曼信息科技有限公司
1908,所属公司,河北优祺美医疗器械贸易有限公司
1909,所属公司,山东新德瑞科技有限公司
1910,所属公司,乐嘉山姆（吉林）商业投资有限公司
1911,所属公司,福鼎市阳光培训中心
1912,所属公司,山东百佳威智能科技有限公司
1913,所属公司,福建交通在线信息科技有限公司
1914,所属公司,山西旷麟大药房连锁有限公司南广场店
1915,所属公司,河北容佳电子科技有限公司
1916,所属公司,威海天沐温泉度假有限公司
1917,所属公司,广州粤千里传媒有限公司
1918,所属公司,邢台民生医药连锁有限公司
1919,所属公司,成都立信笨鸟网络科技有限公司
1920,所属公司,赣州市巴曼信息科技有限公司
1921,所属公司,山东富通信息科技有限公司
1922,所属公司,山东朗科信息技术有限公司
1923,所属公司,梧州时尚百盛商业管理有限公司
1924,所属公司,汕头市永涵电子科技有限公司
1925,所属公司,滨州视听电子有限公司
1926,所属公司,陇川县人民医院
1927,所属公司,山东一零教育科技有限公司
1928,所属公司,山西艺源产教融合科技发展有限公司
1929,所属公司,济南高新区通途教育培训学校
1930,所属公司,太原聚汇学科技有限公司
1931,所属公司,重庆大千医药有限公司
1932,所属公司,重庆莱美药业股份有限公司
1933,所属公司,濮阳市辉腾网络科技有限公司
1934,所属公司,包头市金澜网络科技有限公司
1935,所属公司,成都翔科博海科技有限公司
1936,所属公司,邢台诺欧机械制造有限公司
1937,所属公司,广东智信信息科技股份有限公司
1938,所属公司,江门市先达电脑科技有限公司
1939,所属公司,中科政银科技河北有限公司
1940,所属公司,广西立创投资集团有限公司
1941,所属公司,山东惠恩医疗器械有限公司
1942,所属公司,徐州壹佳科技有限公司
1943,所属公司,重庆梦之晨科技发展有限公司
1944,所属公司,滨州经济开发区宝贝盟育儿服务中心
1945,所属公司,河北德诚电子科技有限公司
1946,所属公司,滕州市妙思教育培训学校有限公司
1947,所属公司,黑龙江省开放联航教育科技有限公司
1948,所属公司,济南佳音信息科技有限公司
1949,所属公司,珠海市易网信息科技有限公司
1950,所属公司,山东蒲公英科教设备有限公司
1951,所属公司,镇江汉唐电子有限公司
1952,所属公司,上海颐盛商贸有限公司合肥分公司
1953,所属公司,成电启力科技有限公司
1954,所属公司,合肥爱尔特信息科技有限公司
1955,所属公司,"
皖江职教
"
1956,所属公司,宜宾至强信息技术有限公司
1957,所属公司,哈尔滨市捷利网络信息系统有限公司
1958,所属公司,"
大路桥翻译财务
"
1959,所属公司,成都锐申信息技术有限公司
1960,所属公司,德宏州智威科技有限公司
1961,所属公司,国药控股襄阳有限公司
1962,所属公司,漱玉平民大药房连锁股份有限公司
1963,所属公司,赤峰市比茨商贸有限公司
1964,所属公司,长春新天和网络工程有限责任公司
1965,所属公司,河北佰迪医疗器械贸易有限公司
1966,所属公司,安徽蓬翌信息科技有限公司
1967,所属公司,青岛鑫万通自动化设备有限公司
1968,所属公司,山东良乔环保科技集团有限公司
1969,所属公司,北京数盾信息科技有限公司
1970,所属公司,潍坊腾博信息技术有限公司
1971,所属公司,沈阳和硕科技有限公司
1972,所属公司,新疆天蕴有机农业有限公司
1973,所属公司,长沙市岳麓区诚稳计算机经营部
1974,所属公司,中科（山东）信息技术有限公司
1975,所属公司,孝感红人中等职业学校
1976,所属公司,山东铂润电气科技有限公司
1977,所属公司,河南昊琦科技有限公司
1978,所属公司,山西凌志伟业科技有限公司
1979,所属公司,上海游讯信息科技有限公司
1980,所属公司,内蒙古精诚电子科技有限责任公司
1981,所属公司,海口先点网络科技有限公司
1982,所属公司,河南芬凡信息技术有限公司
1983,所属公司,辽宁傲通新业信息技术有限公司
1984,所属公司,郴州市苏仙区科泰教育培训学校有限公司
1985,所属公司,润信网络科技（沈阳）有限公司
1986,所属公司,陕西咸阳百姓乐大药房连锁有限公司
1987,所属公司,安徽微必应信息科技有限公司
1988,所属公司,湖南潇湘信科技工学校有限公司
1989,所属公司,宝鸡思博电子信息有限公司
1990,所属公司,山西闽通元信息科技有限公司
1991,所属公司,西藏慧软智能科技有限公司
1992,所属公司,云南光涛商贸有限公司
1993,所属公司,淮南市讯网信息技术有限公司
1994,所属公司,福建顺昌和兴实业有限公司
1995,所属公司,吕梁市亿申电子商务有限责任公司
1996,所属公司,陕西中科启航科技有限公司
1997,所属公司,新疆德胜宏业信息技术有限公司
1998,所属公司,云南景成集团有限公司
1999,所属公司,武汉惟楚新未来科技有限公司
2000,所属公司,中康华夏医养健康产业（济宁）有限公司
2001,所属公司,宁夏吉虎科技有限公司
2002,所属公司,天津博雅家具有限公司
2003,所属公司,潍坊市潍职机动车驾驶员培训有限公司
2004,所属公司,武汉惟楚新未来科技有限公司
2005,所属公司,惠州市瑞康医药有限公司
2006,所属公司,天津博雅家具有限公司
2007,所属公司,呼和浩特市大世界商贸有限公司
2008,所属公司,宁夏吉虎科技有限公司
2009,所属公司,云南东华软件科技有限公司
2010,所属公司,新密港华燃气有限公司
2011,所属公司,浙江天喜厨电股份有限公司
2012,所属公司,河北尚学教育科技有限公司
2013,所属公司,山东华珑海青教育科技有限公司
2014,所属公司,湖北小黑课堂教育科技有限公司
2015,所属公司,青岛海洋电子工程有限公司
2016,所属公司,山西转型综改示范区晋中开发区信思智学职业技能培训学校有限公司
2017,所属公司,安徽广海网络科技发展有限公司
2018,所属公司,山东葆春堂大药房连锁有限公司
2019,所属公司,山东初尧信息技术有限公司
2020,所属公司,河北雄安福吉通物联网科技有限公司
2021,所属公司,吉林省翰玥商贸有限公司
2022,所属公司,贵州凯迪森新能源材料有限公司
2023,所属公司,衢州通友信息科技有限公司
2024,所属公司,安徽微尔智能科技有限公司
2025,所属公司,鞍山云智物联网络电子科技开发有限公司
2026,所属公司,济南南山信息技术有限公司
2027,所属公司,青岛数码港通信服务有限公司
2028,所属公司,河北普为信息技术有限公司
2029,所属公司,浙江德宁医药有限公司
2030,所属公司,山东鑫煤矿山设备集团有限公司
2031,所属公司,山西稼禾农业科技有限公司
2032,所属公司,广州拓服信息技术有限公司
2033,所属公司,海南卓航智能科技有限公司
2034,所属公司,山西晋信安科技有限公司
2035,所属公司,山西龙悦智能科技有限公司
2036,所属公司,河北大成新材料有限公司
2037,所属公司,北京中公教育科技有限公司铜仁分公司
2038,所属公司,山东昌脉信息科技集团有限公司
2039,所属公司,潍坊众客隆商业发展有限公司
2040,所属公司,河北智选优品科技有限公司
2041,所属公司,山西掌沃信息科技有限公司
2042,所属公司,广西风驰旧机动车交易市场有限公司
2043,所属公司,吉林省德宇文化传媒发展有限公司
2044,所属公司,广东华威科智能技术有限公司
2045,所属公司,浙江世导裕新网络科技有限公司
2046,所属公司,河北耀晟进出口贸易有限公司
2047,所属公司,湖南华显计算机有限公司
2048,所属公司,江苏华电能创科技有限公司
2049,所属公司,南京康贝达科技有限公司
2050,所属公司,江苏博华瑞信息技术有限公司
2051,所属公司,银川普惠综合门诊部（有限公司）
2052,所属公司,浙江大华技术股份有限公司
2053,所属公司,陕西泽润建设项目管理有限公司
2054,所属公司,大连雷科曼电子有限公司
2055,所属公司,山西富猫法律咨询有限公司
2056,所属公司,河北润特橡塑制品有限公司
2057,所属公司,山东冠博信息科技有限公司
2058,所属公司,陕西天乐成电子科技有限公司
2059,所属公司,湖北奔腾科技有限公司
2060,所属公司,宣威市东来电子科技有限公司
2061,所属公司,福建仁合教育科技有限公司
2062,所属公司,呼和浩特市智能工科中等职业学校有限公司
2063,所属公司,宿迁苏北盛绿环境科技有限公司
2064,所属公司,河北富海金沣科技有限公司
2065,所属公司,粤西南北药行连锁（茂名）有限公司
2066,所属公司,中国电信股份有限公司南海官窑客户服务中心
2067,所属公司,陕西棱镜网络科技有限公司
2068,所属公司,广州进宏科技有限公司
2069,所属公司,安徽长新通信设备有限公司
2070,所属公司,江苏蓝田智能科技有限公司
2071,所属公司,安井食品集团股份有限公司
2072,所属公司,山西合力创新科技股份有限公司
2073,所属公司,常州市盛景网络技术有限公司
2074,所属公司,渭南市轨道交通运输高级技工学校
2075,所属公司,辽宁民本医药连锁有限公司
2076,所属公司,四川昭阳新天信息科技有限公司
2077,所属公司,烟台济生医药有限公司
2078,所属公司,山东怡然智能科技有限公司
2079,所属公司,北京智薪鼎焱科技有限公司
2080,所属公司,"
马鞍山洲贝贸易
"
2081,所属公司,郑州恒利源实业有限公司
2082,所属公司,云南正派科技有限公司
2083,所属公司,丹东天皓净化材料有限公司
2084,所属公司,沈阳维速佳科技有限公司
2085,所属公司,西安以为电子科技有限公司
2086,所属公司,湖南湘窖酒业有限公司
2087,所属公司,泰安卓企信息技术有限公司
2088,所属公司,河南恒付电子科技有限公司
2089,所属公司,河南万华畜牧设备有限公司
2090,所属公司,北京福泽永成商贸有限责任公司
2091,所属公司,青岛金石大新技术工程有限公司
2092,所属公司,西安安能智矿电子科技有限公司
2093,所属公司,杭州我爱号码网电子商务有限公司
2094,所属公司,汕头市中博职业技术学校
2095,所属公司,河北博之昊网络技术有限公司
2096,所属公司,江苏全欧智能网络科技有限公司
2097,所属公司,四川博全科技有限公司
2098,所属公司,东莞市铭丰企业会计代理有限公司
2099,所属公司,新疆成阳大仁网络技术服务有限公司
2100,所属公司,合肥东数网络工程有限公司
2101,所属公司,浙江科慧智能科技有限公司
2102,所属公司,保山巨东信息科技有限公司
2103,所属公司,潍坊金联益康安全管理咨询有限公司
2104,所属公司,郑州经济技术开发区天齐烟酒店
2105,所属公司,茂名市天晟文化传播有限公司
2106,所属公司,泉州城市工程技术学校
2107,所属公司,保定振涛弘业教育咨询有限公司
2108,所属公司,福建交通在线信息科技有限公司
2109,所属公司,新疆金世康药业有限公司
2110,所属公司,内蒙古鑫辉信息技术有限责任公司
2111,所属公司,安徽达尔智能控制系统股份有限公司
2112,所属公司,河南竹增网络科技有限公司
2113,所属公司,乌鲁木齐汇英宏途电子商务咨询有限公司
2114,所属公司,北京智职通科技有限公司
2115,所属公司,新希蓝（山东）教育科技有限公司
2116,所属公司,福建大娱号信息科技股份有限公司
2117,所属公司,浙江铁道大厦有限公司
2118,所属公司,中山市德成技工学校
2119,所属公司,海南厚溥教育科技有限公司
2120,所属公司,沁阳市兄弟互娱网络科技有限公司
2121,所属公司,青岛康顿健康产业有限公司
2122,所属公司,烟台市利佳数码科技有限公司
2123,所属公司,连云港市新华技工学校
2124,所属公司,内蒙古正鹏电子工程有限公司
2125,所属公司,重庆正柱电子工程有限公司
2126,所属公司,淄博赛博网络科技有限公司
2127,所属公司,西安杰邦科技股份有限公司
2128,所属公司,成都立信笨鸟网络科技有限公司
2129,所属公司,内蒙古天泰电力工程有限责任公司
2130,所属公司,"
景福教育
"
2131,所属公司,亿博控股集团有限公司
2132,所属公司,广东锐讯科技有限公司
2133,所属公司,榆林市兴安机动车综合检测有限公司
2134,所属公司,四川中欣和泰非融资性担保有限公司
2135,所属公司,新疆金善奇智能科技有限公司
2136,所属公司,淮南市讯网信息技术有限公司
2137,所属公司,山东百佳威智能科技有限公司
2138,所属公司,辽宁傲通新业信息技术有限公司
2139,所属公司,贵州天之源环保科技发展有限公司
2140,所属公司,重庆梦之晨科技发展有限公司
2141,所属公司,天津锐驰科技有限公司
2142,所属公司,西藏慧软智能科技有限公司
2143,所属公司,常州九诚科技有限公司
2144,所属公司,山西艺源产教融合科技发展有限公司
2145,所属公司,领先未来信息系统南通有限公司
2146,所属公司,河北德诚电子科技有限公司
2147,所属公司,汕头市穆维达陶瓷有限公司
2148,所属公司,山东新德瑞科技有限公司
2149,所属公司,北京贰斯宜叁软件科技有限公司
2150,所属公司,河南鸿之睿电子商务有限公司
2151,所属公司,成都翔科博海科技有限公司
2152,所属公司,汕尾市合禧宜佳房产经纪服务有限公司
2153,所属公司,河北冠明教育科技有限公司
2154,所属公司,上海游讯信息科技有限公司
2155,所属公司,陕西中科启航科技有限公司
2156,所属公司,西藏嘎吉林汽车产业发展有限公司
2157,所属公司,安徽蓬翌信息科技有限公司
2158,所属公司,滨州经济开发区宝贝盟育儿服务中心
2159,所属公司,湖南湘窖酒业有限公司
2160,所属公司,山东良乔环保科技集团有限公司
2161,所属公司,滕州市妙思教育培训学校有限公司
2162,所属公司,四川云上时代文化传播有限公司
2163,所属公司,深圳市天锐计算机技术有限公司
2164,所属公司,山东汉和能源科技有限公司
2165,所属公司,南京路邦远大科技有限公司
2166,所属公司,山东蒲公英科教设备有限公司
2167,所属公司,重庆讯锐办公设备有限公司
2168,所属公司,浙江天喜厨电股份有限公司
2169,所属公司,山东铂润电气科技有限公司
2170,所属公司,镇江汉唐电子有限公司
2171,所属公司,山东圣瑞源新材料科技集团有限公司
2172,所属公司,长沙市岳麓区诚稳计算机经营部
2173,所属公司,北京数盾信息科技有限公司
2174,所属公司,潍坊腾博信息技术有限公司
2175,所属公司,海南城市职业技术学校
2176,所属公司,福州众享家信息科技有限公司
2177,所属公司,杭州天高控股集团有限公司
2178,所属公司,孝感红人中等职业学校
2179,所属公司,山东惠恩医疗器械有限公司
2180,所属公司,山东富通信息科技有限公司
2181,所属公司,沈阳和硕科技有限公司
2182,所属公司,山西凌志伟业科技有限公司
2183,所属公司,"
大路桥翻译财务
"
2184,所属公司,河北耀晟进出口贸易有限公司
2185,所属公司,安徽微尔智能科技有限公司
2186,所属公司,山西闽通元信息科技有限公司
2187,所属公司,东莞市力智教育科技有限公司
2188,所属公司,山东昌脉信息科技集团有限公司
2189,所属公司,新密港华燃气有限公司
2190,所属公司,山西晋信安科技有限公司
2191,所属公司,福建紫檀科技有限公司
2192,所属公司,辽宁三志零担网络有限公司
2193,所属公司,武汉市裕同印刷包装有限公司
2194,所属公司,包头市金澜网络科技有限公司
2195,所属公司,济南南山信息技术有限公司
2196,所属公司,新疆德胜宏业信息技术有限公司
2197,所属公司,河北雄安福吉通物联网科技有限公司
2198,所属公司,威海明卓出国服务有限公司
2199,所属公司,广州德汇教育科技有限公司
2200,所属公司,重庆大千医药有限公司
2201,所属公司,宜宾至强信息技术有限公司
2202,所属公司,鞍山云智物联网络电子科技开发有限公司
2203,所属公司,西安安能智矿电子科技有限公司
2204,所属公司,山东鑫煤矿山设备集团有限公司
2205,所属公司,贵州凯迪森新能源材料有限公司
2206,所属公司,北京金信润天信息技术股份有限公司武汉分公司
2207,所属公司,山西富猫法律咨询有限公司
2208,所属公司,山西转型综改示范区晋中开发区信思智学职业技能培训学校有限公司
2209,所属公司,武汉惟楚新未来科技有限公司
2210,所属公司,山东冠博信息科技有限公司
2211,所属公司,北京泰诺信通信息技术有限公司
2212,所属公司,山东怡然智能科技有限公司
2213,所属公司,重庆软维科技有限公司
2214,所属公司,宁夏吉虎科技有限公司
2215,所属公司,呼和浩特市智能工科中等职业学校有限公司
2216,所属公司,河北富海金沣科技有限公司
2217,所属公司,山东创佳电子科技有限公司
2218,所属公司,泰斗数字科技有限公司
2219,所属公司,贵州快羚羊教育科技有限公司
2220,所属公司,天津博雅家具有限公司
2221,所属公司,河北宇睿信息技术有限公司
2222,所属公司,浙江鼎力机械股份有限公司
2223,所属公司,浙江大华技术股份有限公司
2224,所属公司,河北宇润枫教育科技有限公司
2225,所属公司,福州普星电子科技有限公司
2226,所属公司,广东志臣科技股份有限公司
2227,所属公司,四川喵吾广告传媒有限公司
2228,所属公司,深圳市宝山技工学校
2229,所属公司,广东聚源创建软件科技有限公司
2230,所属公司,宁波怡人玩具有限公司
2231,所属公司,淮南市希望办公设备有限公司
2232,所属公司,康春航天科技（天津）有限公司
2233,所属公司,厦门艺臻健康科技有限公司
2234,所属公司,山西掌沃信息科技有限公司
2235,所属公司,上海奥泽曼船务科技有限公司
2236,所属公司,内蒙古博之凯电力科技有限责任公司
2237,所属公司,菏泽优聚汇网络科技有限公司
2238,所属公司,山东德善教育产业发展有限公司
2239,所属公司,成都元素科技有限公司
2240,所属公司,西安联至电子科技有限公司
2241,所属公司,山东昊尊文化传媒有限公司
2242,所属公司,金品计算机科技（天津）有限公司
2243,所属公司,湖南日恒智能工程有限公司
2244,所属公司,山东易联特能源科技有限公司
2245,所属公司,江苏蓝田智能科技有限公司
2246,所属公司,上海时光映画文化传媒有限公司
2247,所属公司,辽宁壹山科技发展有限公司
2248,所属公司,青岛海方联合科技发展有限公司
2249,所属公司,陕西航天蓝西科技开发有限公司
2250,所属公司,山西千万亿文化传媒有限公司
2251,所属公司,上海知虎科技有限公司
2252,所属公司,山东思玛特教育科技有限公司
2253,所属公司,合肥冠捷智睿电子科技有限公司
2254,所属公司,苏州博之盾防护技术有限公司
2255,所属公司,东莞荣尊创兴科技有限公司
2256,所属公司,石家庄达世行房产经纪有限公司
2257,所属公司,宿迁苏北盛绿环境科技有限公司
2258,所属公司,成都奥通电子工程有限公司
2259,所属公司,西安以为电子科技有限公司
2260,所属公司,青海立方信息科技有限公司
2261,所属公司,厦门英汶锶特智能科技有限公司
2262,所属公司,河南来往电子商务有限公司
2263,所属公司,山东信丞信息技术有限公司
2264,所属公司,南京三生生物技术股份有限公司
2265,所属公司,企优托（江苏）科技集团有限公司
2266,所属公司,本源量子计算科技（合肥）股份有限公司
2267,所属公司,北京九栖科技有限责任公司
2268,所属公司,山东中鸿新能源科技有限公司
2269,所属公司,北京昊新永诚商贸有限公司
2270,所属公司,北京万海汇通科技有限公司
2271,所属公司,天津科尔世纪科技有限责任公司
2272,所属公司,长沙联桥信息技术有限公司
2273,所属公司,"
汉鑫科技
"
2274,所属公司,沧州皓冠管业有限公司
2275,所属公司,浙江九博士生物技术有限公司
2276,所属公司,杭州希益丰新业科技有限公司
2277,所属公司,潍坊中财信信息科技股份有限公司
2278,所属公司,恒林家居股份有限公司
2279,所属公司,山东哈文信息技术有限公司
2280,所属公司,长沙晟尚商务咨询有限公司
2281,所属公司,湛江市益民医药有限公司
2282,所属公司,潍坊阿丘网络科技有限公司
2283,所属公司,南京市寅光网络科技有限公司
2284,所属公司,国承商贸（保定）有限公司
2285,所属公司,邢台宝航网络技术有限公司
2286,所属公司,新乡市智函电子科技有限公司
2287,所属公司,软通动力信息技术（集团）股份有限公司
2288,所属公司,上海荣益信息科技有限公司
2289,所属公司,西安嘉凯电子科技有限公司
2290,所属公司,长沙晟尚商务咨询有限公司
2291,所属公司,淄博致凡网络科技有限公司
2292,所属公司,浙江微特电子信息有限公司
2293,所属公司,山东易联特能源科技有限公司
2294,所属公司,甘肃万信通信技术服务有限公司
2295,所属公司,济南捷正电子有限公司
2296,所属公司,山东贝格通软件科技有限公司
2297,所属公司,上海瑞应人才科技集团有限公司
2298,所属公司,湖南拓维云创科技有限责任公司
2299,所属公司,北京星华惠康科技股份有限公司
2300,所属公司,上海宁盾信息科技有限公司
2301,所属公司,辽宁壹山科技发展有限公司
2302,所属公司,武汉慧达经纬科技有限公司
2303,所属公司,深圳市众云信息科技有限公司
2304,所属公司,北京一零五三科技有限公司
2305,所属公司,南京三生生物技术股份有限公司
2306,所属公司,未知
2307,所属公司,上海华讯网络系统有限公司广州分公司
2308,所属公司,北京丰汇云博科技有限公司
2309,所属公司,四川人瑞网络科技有限公司
2310,所属公司,深圳市讯方技术股份有限公司
2311,所属公司,"
泛德
"
2312,所属公司,天津新盟信息科技有限公司
2313,所属公司,浙江省邮电工程建设有限公司
2314,所属公司,南京锋云聚信息科技有限公司
2315,所属公司,高新兴科技集团股份有限公司
2316,所属公司,新疆兴远达信息科技有限公司
2317,所属公司,江苏睿诺技术有限公司
2318,所属公司,广东昭阳信息技术有限公司
2319,所属公司,北京神州新桥科技有限公司
2320,所属公司,南京蚁之力网络科技有限公司
2321,所属公司,卓越际联科技有限公司
2322,所属公司,江苏荣辉信息科技有限公司
2323,所属公司,北京金信润天信息技术股份有限公司武汉分公司
2324,所属公司,山东莘县牧原农牧有限公司
2325,所属公司,上海咸云信息科技有限公司
2326,所属公司,成都林荫互通网络安全技术有限公司
2327,所属公司,西安安能智矿电子科技有限公司
2328,所属公司,鹏博士电信传媒集团股份有限公司
2329,所属公司,凯里喜百年装饰工程有限公司
2330,所属公司,温州众成科技有限公司
2331,所属公司,天津滨海高新区五洲科技有限公司
2332,所属公司,极兔国际物流有限公司
2333,所属公司,西安英荟烁企业管理咨询所
2334,所属公司,江西品行建设发展有限公司
2335,所属公司,福建省智教信息科技有限公司
2336,所属公司,山东广鹏信息科技有限公司
2337,所属公司,江苏乾元通信息科技有限公司
2338,所属公司,江苏众传信息科技有限公司
2339,所属公司,深圳市华思特科技有限公司
2340,所属公司,常州市同和纺织机械制造有限公司
2341,所属公司,山东卓禾教育科技有限公司
2342,所属公司,北京电旗通讯技术股份有限公司
2343,所属公司,安徽宏晟信息科技有限公司
2344,所属公司,北京众信龙达科技发展有限公司
2345,所属公司,海目星激光科技集团股份有限公司
2346,所属公司,凌至（乌拉特中旗）货运有限公司
2347,所属公司,北京青颜博识健康管理有限公司
2348,所属公司,东方通信股份有限公司
2349,所属公司,北京维实嘉业网络科技有限公司
2350,所属公司,浙江万安科技股份有限公司
2351,所属公司,嘉兴市秋泾信息技术有限公司
2352,所属公司,北京利天达成科技发展有限责任公司
2353,所属公司,维安（山东）数字技术有限公司
2354,所属公司,杭州点辰网络科技有限公司
2355,所属公司,安徽汇驿信息科技有限公司
2356,所属公司,深圳市伟众信息技术有限公司
2357,所属公司,昂科信息技术（上海）股份有限公司
2358,所属公司,南京专一网络科技发展有限公司
2359,所属公司,厦门柏事特信息科技有限公司
2360,所属公司,江苏林洋能源股份有限公司
2361,所属公司,上海通创信息技术股份有限公司
2362,所属公司,北京神州邦邦技术服务有限公司
2363,所属公司,广州视源电子科技股份有限公司
2364,所属公司,山东五棵松电气科技有限公司
2365,所属公司,武汉网盾科技有限公司
2366,所属公司,广东嘉腾机器人自动化有限公司
2367,所属公司,广州安网物联科技有限公司
2368,所属公司,山西国能隆泰煤焦集团有限责任公司
2369,所属公司,杭州煌诚科技有限公司
2370,所属公司,麦克传感器股份有限公司
2371,所属公司,意尔康股份有限公司
2372,所属公司,金数信息科技（苏州）有限公司
2373,所属公司,未知
2374,所属公司,苏州市蓝皓计算机科技有限公司
2375,所属公司,北京中天星控科技开发有限公司
2376,所属公司,中船（浙江）海洋科技有限公司
2377,所属公司,杭州立新科技有限公司
2378,所属公司,新华三技术有限公司
2379,所属公司,深圳市网界科技有限公司
2380,所属公司,"
腾科职校
"
2381,所属公司,重庆艾博特科技有限公司
2382,所属公司,杭州宏麦信息科技有限公司
2383,所属公司,北京嘉和天际科技有限公司
2384,所属公司,上海沁诚信息科技有限公司
2385,所属公司,深圳市法本信息技术股份有限公司
2386,所属公司,神州数码信息服务股份有限公司
2387,所属公司,南京瑞海文信息科技有限公司
2388,所属公司,广东金蚂蚁信息科技有限公司
2389,所属公司,浩鲸云计算科技股份有限公司
2390,所属公司,深圳市一路信息技术服务有限公司
2391,所属公司,深圳市广和诚信息科技有限公司
2392,所属公司,山西合邦电力科技有限公司
2393,所属公司,长沙启飞科技有限公司
2394,所属公司,上海唐佑信息科技有限公司
2395,所属公司,杭州德博云智科技有限公司
2396,所属公司,北京凯丰源信息技术股份有限公司
2397,所属公司,上海韦拿商务信息咨询有限公司
2398,所属公司,厦门市医鹭信息技术服务有限公司
2399,所属公司,苏州振宏信息科技有限公司
2400,所属公司,合肥智圣新创信息技术有限公司
2401,所属公司,北京盛世博瑞达科技有限公司
2402,所属公司,广州诚赛信息科技有限公司
2403,所属公司,天津镔铁科技有限公司
2404,所属公司,上海中电电子系统科技股份有限公司
2405,所属公司,杭州中港科技有限公司
2406,所属公司,广州市双照电子科技有限公司
2407,所属公司,杭州立腾科技有限公司
2408,所属公司,福建金科信息技术股份有限公司
2409,所属公司,深圳华科云动力科技有限公司
2410,所属公司,中电普信（北京）科技发展有限公司
2411,所属公司,上海狄玛信息科技有限公司
2412,所属公司,杭州天字网络科技有限公司
2413,所属公司,上海拓杰网络科技有限公司
2414,所属公司,西安华维电子科技有限公司
2415,所属公司,江西台德智慧科技股份有限公司
2416,所属公司,福州简派网络科技有限公司
2417,所属公司,北京合智互联信息技术有限公司
2418,所属公司,广州成翔计算机有限公司
2419,所属公司,广州光语通信设备有限公司
2420,所属公司,湖南新浪潮信息科技有限公司
2421,所属公司,上海吾索信息科技有限公司
2422,所属公司,北京惠而特科技有限公司
2423,所属公司,上海杰尔讯科技发展有限公司
2424,所属公司,江苏创益云科技有限公司
2425,所属公司,深圳市新思维信息技术有限公司
2426,所属公司,深圳市瑞隆供应链服务有限公司
2427,所属公司,普宙科技有限公司
2428,所属公司,北京绿色苹果技术有限公司
2429,所属公司,深圳市万马国际货运代理有限公司
2430,所属公司,广州烽云信息科技有限公司
2431,所属公司,福州金信安网络科技有限公司
2432,所属公司,新疆中科丝路物联科技有限公司
2433,所属公司,深圳市理士新能源发展有限公司
2434,所属公司,北京美图之家科技有限公司
2435,所属公司,江苏新晨信息科技发展有限公司
2436,所属公司,以上科技有限公司
2437,所属公司,珠海市横琴博贤智能科技有限公司
2438,所属公司,山东惠民牧原农牧有限公司
2439,所属公司,广州市信尚安信息技术有限公司
2440,所属公司,上海圣哲商贸有限公司
2441,所属公司,时代一汽动力电池有限公司
2442,所属公司,深圳市辰想智能科技有限公司
2443,所属公司,成都汉康信息产业有限公司
2444,所属公司,上海天哲计算机科技有限公司
2445,所属公司,南京耀苏信息技术有限公司
2446,所属公司,煜象科技（杭州）有限公司
2447,所属公司,上海孟伯智能物联网科技有限公司
2448,所属公司,上海龙田数码科技有限公司
2449,所属公司,软通动力信息技术（集团）股份有限公司
2450,所属公司,"
轻山信息
"
2451,所属公司,上海翌辑信息技术有限公司
2452,所属公司,上海假面信息科技有限公司
2453,所属公司,未知
2454,所属公司,广东东江环保设备有限公司
2455,所属公司,江苏一通信息科技有限公司
2456,所属公司,上海迈高网络技术有限公司
2457,所属公司,南京云锐创捷信息科技有限公司
2458,所属公司,北京斯普信信息技术有限公司
2459,所属公司,福建城建智控科技有限公司
2460,所属公司,大连金慧融智科技股份有限公司
2461,所属公司,广东安达智能装备股份有限公司
2462,所属公司,广州万云电子商务有限公司
2463,所属公司,上海斐怡网络科技有限公司
2464,所属公司,国育产教融合教育科技（海南）有限公司
2465,所属公司,南通启明星辰信息安全技术有限公司
2466,所属公司,上海杰为电子科技有限公司
2467,所属公司,金程科技有限公司
2468,所属公司,深圳市大成印象科技有限公司
2469,所属公司,阅动（广东）信息技术有限公司
2470,所属公司,上海舜源计算机科技股份有限公司
2471,所属公司,上海鹏生科技有限公司
2472,所属公司,青米（北京）科技有限公司
2473,所属公司,杭州甬盛通信技术有限公司
2474,所属公司,济南聚仁信息技术有限公司
2475,所属公司,菏泽市单县牧原农牧有限公司
2476,所属公司,山东四海春环保工程有限公司
2477,所属公司,优友（上海）节能科技有限公司
2478,所属公司,北京信升科技发展有限公司
2479,所属公司,安徽百旅信息科技有限公司
2480,所属公司,湖南智工信息科技有限公司
2481,所属公司,常州英集动力科技有限公司
2482,所属公司,广州金久信息技术有限公司
2483,所属公司,中电金信软件有限公司
2484,所属公司,北京东方森太科技发展有限公司
2485,所属公司,北京怡和天润科技有限公司
2486,所属公司,北京新雷能科技股份有限公司
2487,所属公司,深圳市小芒创新科技有限公司
2488,所属公司,天津卓朗昆仑云软件技术有限公司
2489,所属公司,广州优亿信息科技有限公司
2490,所属公司,山东国金汽车制造有限公司
2491,所属公司,众合发展（北京）信息技术有限公司
2492,所属公司,山东浪潮数字服务有限公司
2493,所属公司,福建火焰云科技有限公司
2494,所属公司,苏州威客云终端技术有限公司
2495,所属公司,天宇正清科技有限公司
2496,所属公司,合肥瑞裕科技投资有限公司
2497,所属公司,浙江墨树文化传媒有限公司
2498,所属公司,深圳市元派科技有限公司
2499,所属公司,广东善能科技发展股份有限公司
2500,所属公司,北京永恒之蓝信息技术有限公司
2501,所属公司,麦润智能科技成都有限公司
2502,所属公司,北京瑞友科技股份有限公司
2503,所属公司,上海得逸信息技术有限公司
2504,所属公司,广东高德智能建筑股份有限公司
2505,所属公司,湖南大唐先一科技有限公司
2506,所属公司,汉博利特（北京）信息技术有限公司
2507,所属公司,黑龙江海康网络科技有限公司
2508,所属公司,传易（上海）科技有限公司
2509,所属公司,广州力健健康管理有限公司
2510,所属公司,深圳市美好创亿医疗科技股份有限公司
2511,所属公司,典基网络科技（上海）有限公司
2512,所属公司,北京初志科技有限公司
2513,所属公司,未知
2514,所属公司,未知
2515,所属公司,佛山市海峡旅游发展有限公司
2516,所属公司,未知
2517,所属公司,未知
2518,所属公司,沈阳广杰物流有限公司
2519,所属公司,盐城市合力聚阵网络科技有限公司
2520,所属公司,未知
2521,所属公司,未知
2522,所属公司,厦门薪薪动力数字科技有限公司
2523,所属公司,上海译忻法律咨询有限公司
2524,所属公司,深圳东南创通智能科技有限公司
2525,所属公司,未知
2526,所属公司,大健云仓科技（苏州）有限公司
2527,所属公司,未知
2528,所属公司,海南东岸水产开发有限公司
2529,所属公司,徐州青鸟网络科技有限公司
2530,所属公司,未知
2531,所属公司,太原杰锐文化传媒有限公司
2532,所属公司,深圳市雄诚智能工程有限公司
2533,所属公司,深圳市启梦人科技有限公司
2534,所属公司,未知
2535,所属公司,龙芯国际科技（东莞）有限公司
2536,所属公司,未知
2537,所属公司,未知
2538,所属公司,未知
2539,所属公司,未知
2540,所属公司,未知
2541,所属公司,中电金信软件有限公司
2542,所属公司,未知
2543,所属公司,未知
2544,所属公司,特斯拉汽车（北京）有限公司
2545,所属公司,苏州市龙德信息技术咨询有限公司
2546,所属公司,未知
2547,所属公司,北京中睿天下信息技术有限公司
2548,所属公司,厦门雅迅网络股份有限公司
2549,所属公司,未知
2550,所属公司,未知
2551,所属公司,未知
2552,所属公司,深圳奎蛇软件科技有限公司
2553,所属公司,未知
2554,所属公司,腾讯科技（上海）有限公司
2555,所属公司,湖州顺晶纺织品有限公司
2556,所属公司,未知
2557,所属公司,武汉同行渡科技有限公司
2558,所属公司,明诚众盛（广东）产业发展中心（有限合伙）
2559,所属公司,未知
2560,所属公司,山西科达自控股份有限公司
2561,所属公司,未知
2562,所属公司,未知
2563,所属公司,未知
2564,所属公司,深圳市龙游云技术有限公司
2565,所属公司,未知
2566,所属公司,深圳市中手游网络科技有限公司
2567,所属公司,未知
2568,所属公司,未知
2569,所属公司,陕西科奥隆科技机电设备有限公司
2570,所属公司,未知
2571,所属公司,未知
2572,所属公司,跨越速运集团有限公司
2573,所属公司,内蒙古微造智能设备科技股份有限公司
2574,所属公司,重庆京斗云文化传媒有限公司
2575,所属公司,未知
2576,所属公司,扬州亿果动漫玩具有限公司
2577,所属公司,未知
2578,所属公司,未知
2579,所属公司,广东合航科技有限公司
2580,所属公司,未知
2581,所属公司,未知
2582,所属公司,深圳市迅龙创威网络技术有限公司
2583,所属公司,未知
2584,所属公司,大瑶神露（江苏）生物科技有限公司
2585,所属公司,特斯拉汽车（北京）有限公司
2586,所属公司,未知
2587,所属公司,深圳市美志光电技术有限公司
2588,所属公司,北京默契破冰科技有限公司
2589,所属公司,桂林鑫广达汽车销售服务有限责任公司
2590,所属公司,安徽君强宏远科技有限公司
2591,所属公司,北京今日头条科技有限公司
2592,所属公司,未知
2593,所属公司,未知
2594,所属公司,未知
2595,所属公司,未知
2596,所属公司,未知
2597,所属公司,上海冰风网络科技有限公司
2598,所属公司,未知
2599,所属公司,未知
2600,所属公司,上海友塔网络科技有限公司
2601,所属公司,未知
2602,所属公司,深圳市龙游云技术有限公司
2603,所属公司,未知
2604,所属公司,未知
2605,所属公司,浙江飞猪网络技术有限公司
2606,所属公司,未知
2607,所属公司,深圳市荣昇信息科技有限公司
2608,所属公司,北京盈迪曼德科技有限公司
2609,所属公司,未知
2610,所属公司,上海鹰角网络科技有限公司
2611,所属公司,未知
2612,所属公司,未知
2613,所属公司,杭州倚澜科技有限公司
2614,所属公司,广州尊游软件科技有限公司
2615,所属公司,未知
2616,所属公司,麒源盛景科技（北京）有限公司
2617,所属公司,北京优酷科技有限公司
2618,所属公司,未知
2619,所属公司,扬州亿果动漫玩具有限公司
2620,所属公司,广州百田信息科技有限公司
2621,所属公司,未知
2622,所属公司,未知
2623,所属公司,广州迷墙科技有限公司
2624,所属公司,未知
2625,所属公司,未知
2626,所属公司,网易（杭州）网络有限公司
2627,所属公司,上海万允信息科技有限公司
2628,所属公司,未知
2629,所属公司,未知
2630,所属公司,未知
2631,所属公司,未知
2632,所属公司,未知
2633,所属公司,深圳市探鸽智能科技有限公司
2634,所属公司,未知
2635,所属公司,深圳市腾讯计算机系统有限公司
2636,所属公司,数影星球（杭州）科技有限公司
2637,所属公司,未知
2638,所属公司,深圳市联瑞电子有限公司
2639,所属公司,未知
2640,所属公司,上海瀚世信息技术有限公司
2641,所属公司,上海吾未网络科技有限公司
2642,所属公司,阿里巴巴（中国）有限公司
2643,所属公司,未知
2644,所属公司,未知
2645,所属公司,未知
2646,所属公司,未知
2647,所属公司,未知
2648,所属公司,未知
2649,所属公司,上海聚水潭网络科技有限公司
2650,所属公司,未知
2651,所属公司,未知
2652,所属公司,北京逍遥一下科技有限公司
2653,所属公司,未知
2654,所属公司,北京时代创信科技有限公司
2655,所属公司,移惠信息技术（上海）有限公司
2656,所属公司,海南家贝装饰装修工程有限公司
2657,所属公司,同程网络科技股份有限公司
2658,所属公司,未知
2659,所属公司,未知
2660,所属公司,未知
2661,所属公司,元宇宙建设（山东）集团有限公司
2662,所属公司,乌鲁木齐萝膳堂健康管理有限公司
2663,所属公司,未知
2664,所属公司,利姆斯（北京）区块链技术有限公司
2665,所属公司,壹沓科技（上海）有限公司
2666,所属公司,未知
2667,所属公司,未知
2668,所属公司,未知
2669,所属公司,上海泛微网络科技股份有限公司
2670,所属公司,未知
2671,所属公司,未知
2672,所属公司,未知
2673,所属公司,祁阳东骏纺织有限公司
2674,所属公司,未知
2675,所属公司,未知
2676,所属公司,湖北九州云智科技有限公司
2677,所属公司,杭州时划科技有限公司
2678,所属公司,武汉心驰神往科技有限公司
2679,所属公司,未知
2680,所属公司,上海纯氧互娱科技有限公司
2681,所属公司,未知
2682,所属公司,未知
2683,所属公司,北京神州飞跃科技发展有限公司
2684,所属公司,未知
2685,所属公司,未知
2686,所属公司,上海威缶电子科技有限公司
2687,所属公司,西安恩狄集成电路有限公司
2688,所属公司,未知
2689,所属公司,青春之家（福建）体育用品有限公司
2690,所属公司,未知
2691,所属公司,深圳合玖咨询管理有限公司
2692,所属公司,未知
2693,所属公司,慧博云通科技股份有限公司
2694,所属公司,未知
2695,所属公司,未知
2696,所属公司,未知
2697,所属公司,诸城市润生机械有限公司
2698,所属公司,未知
2699,所属公司,中宇联云计算服务（上海）有限公司
2700,所属公司,宁波绿光能源集团有限公司
2701,所属公司,未知
2702,所属公司,上海恺英网络科技有限公司
2703,所属公司,上海识装信息科技有限公司
2704,所属公司,深圳东方大唐信息技术有限公司
2705,所属公司,上海竞乐信息技术有限公司
2706,所属公司,未知
2707,所属公司,北京科杰科技有限公司
2708,所属公司,未知
2709,所属公司,未知
2710,所属公司,深圳冰川网络股份有限公司
2711,所属公司,未知
2712,所属公司,未知
2713,所属公司,北京铨能科技有限公司
2714,所属公司,未知
2715,所属公司,未知
2716,所属公司,郑州悦众信息技术有限公司
2717,所属公司,深圳市积加跨境网络科技有限公司
2718,所属公司,未知
2719,所属公司,北京知帆科技有限公司
2720,所属公司,京东科技控股股份有限公司
2721,所属公司,未知
2722,所属公司,未知
2723,所属公司,未知
2724,所属公司,北京信银智达科技有限公司
2725,所属公司,武汉白年医疗美容门诊有限公司
2726,所属公司,光线云（杭州）科技有限公司
2727,所属公司,上海筱珈数据科技有限公司
2728,所属公司,贵州众联联盟农业科技有限责任公司
2729,所属公司,未知
2730,所属公司,广州秀才信息科技有限公司
2731,所属公司,北京达佳互联信息技术有限公司
2732,所属公司,未知
2733,所属公司,未知
2734,所属公司,江苏善行智能科技有限公司
2735,所属公司,未知
2736,所属公司,未知
2737,所属公司,上海领大软件有限公司
2738,所属公司,未知
2739,所属公司,杭州游卡网络技术有限公司
2740,所属公司,未知
2741,所属公司,深圳传音控股股份有限公司
2742,所属公司,未知
2743,所属公司,未知
2744,所属公司,北京永航科技有限公司
2745,所属公司,未知
2746,所属公司,未知
2747,所属公司,未知
2748,所属公司,北京创优天地网络科技有限公司
2749,所属公司,未知
2750,所属公司,未知
2751,所属公司,北京齐乐无穷文化科技有限公司
2752,所属公司,广西甘家界餐饮管理有限公司南宁凤岭分公司
2753,所属公司,未知
2754,所属公司,厦门雅基软件有限公司
2755,所属公司,未知
2756,所属公司,北京腾飞时代教育科技有限公司
2757,所属公司,未知
2758,所属公司,珠海普罗米修斯视觉技术有限公司
2759,所属公司,平天下（北京）管理咨询有限公司
2760,所属公司,广东浩云长盛网络股份有限公司
2761,所属公司,未知
2762,所属公司,未知
2763,所属公司,科沃斯机器人科技有限公司
2764,所属公司,未知
2765,所属公司,船岛科技（上海）有限公司
2766,所属公司,未知
2767,所属公司,博洛尼家居装饰（北京）有限公司
2768,所属公司,广西南宁履冰信息技术有限公司
2769,所属公司,"
博远教育
"
2770,所属公司,张掖市甘州区巴迪金脑慧艺术培训中心有限责任公司
2771,所属公司,杭州华星创业通信技术股份有限公司
2772,所属公司,杭州飞阳科技有限公司
2773,所属公司,厦门邑通智能科技集团有限公司
2774,所属公司,深圳市它虎科技有限公司
2775,所属公司,重庆市通信产业服务有限公司中冉信息分公司
2776,所属公司,河北华恒信通信技术有限公司
2777,所属公司,大连斯锐信息技术有限公司
2778,所属公司,许昌浩宣科技培训有限公司
2779,所属公司,山西晋信安科技有限公司
2780,所属公司,武汉闪回信息科技有限公司
2781,所属公司,兰州新时代教育信息咨询有限公司
2782,所属公司,三亚米饭网络科技有限公司
2783,所属公司,开封市国华技工学校
2784,所属公司,上海极算信息技术有限公司
2785,所属公司,"
什邡学典科技有限...
"
2786,所属公司,润建股份有限公司
2787,所属公司,内蒙古科电数据服务有限公司
2788,所属公司,山西辰鼎科技有限公司
2789,所属公司,合肥市瑶海区麒昱传媒科技社
2790,所属公司,河南泛和教育发展集团有限公司
2791,所属公司,思远（东营）信息咨询有限公司
2792,所属公司,南宁市迈越软件有限责任公司
2793,所属公司,双塔区玛酷青少年活动中心
2794,所属公司,重庆英卡电子有限公司
2795,所属公司,奥格科技股份有限公司
2796,所属公司,中兴长天信息技术（南昌）有限公司
2797,所属公司,甘肃锡亚商贸有限公司
2798,所属公司,"
伯山羽科技
"
2799,所属公司,浙江点创信息科技有限公司
2800,所属公司,厦门市政智慧城市科技有限公司
2801,所属公司,广西尚贤科技有限公司
2802,所属公司,北京符号认知科技有限公司
2803,所属公司,北京泰夫医疗设备技术服务有限公司
2804,所属公司,丽水锦蓝钻信息科技有限公司
2805,所属公司,青岛慧志信息科技有限公司
2806,所属公司,万有引力（南京）软件科技有限公司
2807,所属公司,河南英睿教育科技有限公司
2808,所属公司,福建网龙计算机网络信息技术有限公司
2809,所属公司,辽宁博蓝教育科技集团有限公司
2810,所属公司,鲸山云科技（珠海）有限公司
2811,所属公司,沈阳浩瀚科技有限公司
2812,所属公司,亿达信息技术有限公司
2813,所属公司,吉林省行氏动漫科技有限公司
2814,所属公司,快蜗牛（北京）信息科技有限公司
2815,所属公司,"
广智教育
"
2816,所属公司,慧博云通科技股份有限公司
2817,所属公司,珠海乐图软件有限公司
2818,所属公司,大同市平城区星樱科技工作室
2819,所属公司,内蒙古声澎电子有限公司
2820,所属公司,南京贝贝帮教育咨询有限公司
2821,所属公司,济南九零启航网络科技有限公司
2822,所属公司,秦安县助才农业职业技能培训学校
2823,所属公司,湖北启明心国学文化传播有限公司
2824,所属公司,上海观安信息技术股份有限公司
2825,所属公司,长春市南关区全方位办公文化用品超市
2826,所属公司,海南盛丰控股集团有限公司
2827,所属公司,神州数码信息服务股份有限公司
2828,所属公司,全椒风起国际文化产业园有限责任公司
2829,所属公司,宁波鄞银金融科技有限责任公司
2830,所属公司,北京瑞华高科技术有限责任公司
2831,所属公司,惠国征信服务股份有限公司
2832,所属公司,广州探迹科技有限公司
2833,所属公司,石河子开发区木子玲文化传媒工作室
2834,所属公司,沈阳鑫印象科技有限公司
2835,所属公司,优刻得景融（青岛）数字科技有限公司
2836,所属公司,金蝶软件（中国）有限公司乌鲁木齐分公司
2837,所属公司,长春迪轮网络科技有限公司
2838,所属公司,武汉小循环软件有限公司
2839,所属公司,淄博众合祥信息科技发展有限公司
2840,所属公司,沈阳星空卓游文化传播有限公司
2841,所属公司,成都奇点信安科技有限公司
2842,所属公司,北京北大软件工程股份有限公司
2843,所属公司,杭州泰格医药科技股份有限公司
2844,所属公司,曲靖市麒麟区睿宸教育培训学校有限责任公司
2845,所属公司,山西联创空间教育科技有限公司
2846,所属公司,郴州凯程医药有限公司
2847,所属公司,福州市鼓楼区骄傲体育文化有限公司
2848,所属公司,北京同为国际旅行社有限公司
2849,所属公司,哈工产教融合科技（深圳）有限公司
2850,所属公司,永定区薇楠雪网络工作室
2851,所属公司,南皮县零秀科技工作室
2852,所属公司,德阳悠然网络科技有限公司
2853,所属公司,云财富期货有限公司
2854,所属公司,誉佲教育科技（珠海）有限公司
2855,所属公司,恒安嘉新（北京）科技股份公司
2856,所属公司,莱州市弘宇机动车检测有限公司
2857,所属公司,长威信息科技发展股份有限公司
2858,所属公司,新疆振坤物流股份有限公司
2859,所属公司,武汉微品优网络科技有限公司
2860,所属公司,广州得一信息科技有限公司
2861,所属公司,福建迈科优创教育科技有限公司
2862,所属公司,兰州未来家装饰工程有限公司
2863,所属公司,固安灵狐网络科技有限公司
2864,所属公司,杭州艺途易教育咨询有限公司
2865,所属公司,佛山市顺德区艺之家室内装饰有限公司昭通分公司
2866,所属公司,广州链股科技有限公司
2867,所属公司,北京海客瀛洲网络科技有限公司
2868,所属公司,四川浩诺优科技有限公司
2869,所属公司,安康市汉滨区润星源艺术培训学校有限公司
2870,所属公司,梧州市正佳广告传媒有限公司
2871,所属公司,北京天地和兴科技有限公司
2872,所属公司,浙江卓奥科技股份有限公司
2873,所属公司,山东省青东智能科技有限公司
2874,所属公司,山西佐成科技有限公司
2875,所属公司,南京第三极区块链科技有限公司
2876,所属公司,龙采科技集团有限责任公司牡丹江分公司
2877,所属公司,山西东创伟业科技有限公司
2878,所属公司,北京展播网络科技有限公司
2879,所属公司,北京铭润同康科技有限公司
2880,所属公司,广州吉仕移动科技股份有限公司
2881,所属公司,宁夏安达远网络科技有限公司
2882,所属公司,承德站一网络科技有限公司
2883,所属公司,浙江众祺科技股份有限公司
2884,所属公司,大连志成众联科技有限公司
2885,所属公司,广东科信安信息技术有限公司
2886,所属公司,上海冠桔软件技术有限公司
2887,所属公司,佛山广菱智能科技有限责任公司
2888,所属公司,福建中测信息技术有限公司
2889,所属公司,邯郸市凯通包装有限公司
2890,所属公司,北京德拉科技有限公司
2891,所属公司,兰州童程童美科技有限公司第一分公司
2892,所属公司,临沂泉俊智能科技有限公司
2893,所属公司,甘肃翔迅信息科技有限公司
2894,所属公司,长沙静思教育科技有限公司
2895,所属公司,宿迁市黑码科技有限公司
2896,所属公司,洛阳市商业中等专业学校
2897,所属公司,晋城市益智未来教育咨询有限公司
2898,所属公司,湖南创智艾泰克科技有限公司
2899,所属公司,重庆信盟科技发展有限公司
2900,所属公司,佛山市禅城区战魂酒店
2901,所属公司,辽宁东方人药业有限公司
2902,所属公司,翱华工程技术股份有限公司
2903,所属公司,鼎城区创美乐宜嘉家装体验馆
2904,所属公司,宁夏天道密码信息技术有限公司
2905,所属公司,北京康特瑞科统计科技有限责任公司
2906,所属公司,泽瑞科技集团有限公司
2907,所属公司,"
碧桂园物业
"
2908,所属公司,葫芦岛玖壹教育科技有限公司
2909,所属公司,柳州市柳南区创托百货店
2910,所属公司,吉林城市职业技术学院
2911,所属公司,延边嵘泽数字商贸有限公司
2912,所属公司,北京中公教育科技有限公司佳木斯第一分公司
2913,所属公司,中科明智教育科技（北京）有限责任公司
2914,所属公司,诸城市观文网络中心
2915,所属公司,云南励潮电子科技有限公司
2916,所属公司,聊城宇舜网络科技有限公司
2917,所属公司,昆山科涵电子设备有限公司
2918,所属公司,内蒙古先立云科技有限公司
2919,所属公司,杭州依萨卡信息科技有限公司
2920,所属公司,沧州正业涉外旅游职业技术学校
2921,所属公司,抚顺恒益石化有限公司
2922,所属公司,亚信科技（中国）有限公司
2923,所属公司,海之易（海南）网络科技有限公司
2924,所属公司,厦门泛卓信息科技有限公司
2925,所属公司,南充聚飞网络科技有限公司
2926,所属公司,沈阳沈山电气科技有限公司
2927,所属公司,河南叁和实业发展有限公司
2928,所属公司,内蒙古艾奇创教育咨询有限责任公司
2929,所属公司,桂林舞型文化传媒有限公司
2930,所属公司,阳泉志城信息网络有限公司
2931,所属公司,太和区一品佳兴烧烤店
2932,所属公司,河北左端右科技有限公司
2933,所属公司,山西吉吉象教育咨询有限公司
2934,所属公司,宁夏吉虎科技有限公司
2935,所属公司,宜宾市沐光教育信息咨询服务有限公司
2936,所属公司,上海数慧系统技术有限公司
2937,所属公司,北京经纬恒润科技股份有限公司
2938,所属公司,中卫市伊丁大酒店管理有限公司
2939,所属公司,辽宁酷瑞特科技服务有限公司
2940,所属公司,四川星辰大海户外拓展有限公司
2941,所属公司,桂林禾一网络科技有限公司
2942,所属公司,"
品爱文化传播
"
2943,所属公司,桓仁合兴传媒工作室
2944,所属公司,鸡西市汉唐中药销售有限公司
2945,所属公司,尉氏县金鸿家电商行
2946,所属公司,安庆市开发区创新电脑服务部
2947,所属公司,北京致远互联软件股份有限公司
2948,所属公司,天津众惠信息技术有限公司
2949,所属公司,山西米素建筑装饰工程有限公司
2950,所属公司,新乡市鑫达振动设备有限公司
2951,所属公司,上海曼纳哲广告有限公司
2952,所属公司,杭州鹤达文化传媒有限公司
2953,所属公司,湖北感诚信息科技有限公司云南分公司
2954,所属公司,固原市原州区仡仡教育培训学校有限公司
2955,所属公司,都过教育科技（重庆）有限公司
2956,所属公司,保定鑫延模具制造有限公司
2957,所属公司,上海华建电力设备股份有限公司
2958,所属公司,江西一线随拍影视传媒有限公司
2959,所属公司,江西泓昌工程管理咨询有限公司
2960,所属公司,岳阳金瑞置业有限公司
2961,所属公司,广西鸿升地坪涂料科技有限公司
2962,所属公司,安阳高新区小雅百货店
2963,所属公司,陕西昊旺声学环保工程有限公司
2964,所属公司,河南万丰机械制造有限公司
2965,所属公司,石家庄协达科技有限公司
2966,所属公司,阜阳科技职业学院
2967,所属公司,广元市高教自考辅导站
2968,所属公司,江西康诚德教育科技有限公司
2969,所属公司,枣庄编程猫教育信息咨询有限公司
2970,所属公司,长治市码高教育科技有限公司
2971,所属公司,青岛文信科技有限公司
2972,所属公司,信阳工业中等职业学校
2973,所属公司,衡阳华岳高级中学有限公司
2974,所属公司,鞍山市高新区科技技工学校
2975,所属公司,湖南享学信息科技有限公司
2976,所属公司,武汉中和博瑞电气有限公司
2977,所属公司,贵州常春藤教育咨询有限公司
2978,所属公司,江苏景宁信息技术有限公司
2979,所属公司,重庆宏智领赛科技有限公司
2980,所属公司,平顶山正航智能科技有限公司
2981,所属公司,赣州市章贡区童芯科技培训中心有限公司
2982,所属公司,辽阳腾飞科技有限公司
2983,所属公司,浙江昕龙教育科技集团有限公司
2984,所属公司,贵港培正数字中等职业技术学校有限公司
2985,所属公司,兴化果果思维科技有限公司
2986,所属公司,宿迁盛宏教育（集团）有限公司
2987,所属公司,内江市东兴区微知教育培训学校有限公司
2988,所属公司,广东颐点科技有限公司
2989,所属公司,渭南市联合职业学校
2990,所属公司,秦皇岛市外事旅游职业学校
2991,所属公司,汕头市科技应用职业技术学校
2992,所属公司,抚州高新区墨点艺术培训中心有限公司
2993,所属公司,安阳宏之羽文化体育有限公司
2994,所属公司,河北阳光教育科技有限公司
2995,所属公司,梅尔卡巴教育科技河北有限公司
2996,所属公司,安徽树源文化发展有限公司
2997,所属公司,昆明华航技工学校有限公司
2998,所属公司,宁夏逸心网络技术服务有限公司
2999,所属公司,惠水憧憬教育咨询服务有限公司
3000,所属公司,"
博远教育
"
3001,所属公司,山西晋信安科技有限公司
3002,所属公司,益阳科达职业技术学校
3003,所属公司,贵州航锐教育投资有限公司
3004,所属公司,高州市信息职业技术学校
3005,所属公司,临沂实康水务有限公司
3006,所属公司,青岛慧志信息科技有限公司
3007,所属公司,沧州正业涉外旅游职业技术学校
3008,所属公司,石河子市乐博科技培训机构有限公司
3009,所属公司,湖南一洋信息技术服务有限公司
3010,所属公司,保定育德中等专业学校
3011,所属公司,吉林省吉电国际贸易有限公司
3012,所属公司,"
昭麓传媒
"
3013,所属公司,开封市国华技工学校
3014,所属公司,焦作市常春藤教育科技有限公司
3015,所属公司,青岛喵星教育集团有限公司
3016,所属公司,长春市博仁中等职业学校
3017,所属公司,宿迁盛宏教育科技有限公司
3018,所属公司,邯郸科实中等专业学校
3019,所属公司,太原万锦教育科技有限公司
3020,所属公司,德阳弘正科技职业学校
3021,所属公司,安阳市凡格网络科技有限公司
3022,所属公司,朔州博凯教育科技有限公司
3023,所属公司,北京中科普联科技有限公司
3024,所属公司,安徽柯恩服务外包有限公司普洱分公司
3025,所属公司,沧州海月中天文化发展有限公司
3026,所属公司,北京星大路教育科技有限公司
3027,所属公司,洛阳皓特教育咨询有限公司
3028,所属公司,北京科安数图科技有限公司
3029,所属公司,"
潮汕职业技术学院
"
3030,所属公司,大同市华辰教育中心
3031,所属公司,道普信息技术有限公司青岛分公司
3032,所属公司,四川新思凯教育科技有限公司
3033,所属公司,文山易盛科技有限公司
3034,所属公司,安徽多普多信息科技有限公司
3035,所属公司,杭州拓安致胜科技有限公司
3036,所属公司,绍兴市趣创教育信息咨询有限公司
3037,所属公司,"
皇甫
"
3038,所属公司,辽宁博蓝教育科技集团有限公司
3039,所属公司,高新教育科技研究院（山西）有限公司
3040,所属公司,河北凌鹰教育科技有限公司
3041,所属公司,山西利伟信息技术股份有限公司
3042,所属公司,南京好朋友网络科技有限公司
3043,所属公司,江西维朗商贸有限公司
3044,所属公司,山东省学而行教育科技有限公司
3045,所属公司,常州智改数转管理咨询有限公司
3046,所属公司,益阳市侨兴教育科技开发有限公司
3047,所属公司,晋城长城高级职业中学
3048,所属公司,宁夏宁建电子科技有限公司
3049,所属公司,兰州新时代教育信息咨询有限公司
3050,所属公司,东营乐尚文化传媒有限公司
3051,所属公司,河南宏恩教育科技有限公司
3052,所属公司,湖南万通汽车技工学校有限责任公司
3053,所属公司,济南树然教学仪器有限公司
3054,所属公司,大连国防高级技工学校
3055,所属公司,哈尔滨市滨才交通服务中等职业技术学校
3056,所属公司,济南树然教学仪器有限公司
3057,所属公司,东营乐尚文化传媒有限公司
3058,所属公司,南昌铁路保安中等专业学校
3059,所属公司,江西维朗商贸有限公司
3060,所属公司,"
潮汕职业技术学院
"
3061,所属公司,邯郸冀南新区信息工程中等专业学校
3062,所属公司,临湘市湘北职业技术学校
3063,所属公司,哈尔滨市剑桥职业技术学校
3064,所属公司,九江市振邦技工学校
3065,所属公司,哈尔滨铁道技师学院
3066,所属公司,贵阳市工业职业学校
3067,所属公司,山东南园教育科技有限公司
3068,所属公司,信阳新世纪职业学校
3069,所属公司,山东哎上课教育科技有限公司
3070,所属公司,"
湖南鸿翔技工/教育
"
3071,所属公司,定州市新世记中等专业学校
3072,所属公司,鹤壁市鹤高中学
3073,所属公司,山东万众技工学校有限公司
3074,所属公司,乐码王国（湖州）编程培训有限公司
3075,所属公司,桓台一鸣教育培训学校有限公司
3076,所属公司,河南康瑞莱文化发展有限公司
3077,所属公司,黄石明博艺术培训学校有限公司
3078,所属公司,"
黄石华迅职校
"
3079,所属公司,邵阳市艺成职业技术学校
3080,所属公司,信阳市鸡公山少林武术学校
3081,所属公司,四川弘历世纪教育科技有限公司
3082,所属公司,青岛萌新智能科技有限公司
3083,所属公司,桂阳县黄冈学校
3084,所属公司,潍坊星科现代教育科技有限公司
3085,所属公司,吉安交通技工学校
3086,所属公司,北京学众信息技术有限公司天津分公司
3087,所属公司,沈阳慧联教育咨询有限公司
3088,所属公司,河南泛和教育发展集团有限公司
3089,所属公司,洛阳甫亚教育培训学校有限公司
3090,所属公司,海口椰子树科技有限公司
3091,所属公司,汕头市创未来教育科技有限公司
3092,所属公司,承德热河中等职业技术学校有限公司
3093,所属公司,威海华航教育咨询有限公司
3094,所属公司,江西上书房教育科技有限公司
3095,所属公司,新疆金领技工学校
3096,所属公司,河南一方教育服务有限公司
3097,所属公司,青海鼎希教育科技有限公司
3098,所属公司,乐陵民生职业中等专业学校
3099,所属公司,合肥爱挑战教育科技有限公司
3100,所属公司,郑州中建教育集团有限公司
3101,所属公司,重庆科唯明哲教育科技有限公司
3102,所属公司,温州洋溢科技有限公司
3103,所属公司,大连华运环宇国际物流有限公司
3104,所属公司,重庆市瑾凤服饰有限公司
3105,所属公司,山西汇凯通教育科技有限公司
3106,所属公司,长沙艺语文化传播有限公司
3107,所属公司,四川中典司法鉴定所
3108,所属公司,平凉新时代技工学校
3109,所属公司,巴州壹加壹教育咨询有限责任公司
3110,所属公司,中航国铁（北京）教育投资管理有限公司安徽分公司
3111,所属公司,文山市科信电脑有限责任公司
3112,所属公司,威海市高级技工学校
3113,所属公司,禹州市启乐创新科技文化有限公司
3114,所属公司,焦作博育文化传播有限公司
3115,所属公司,青岛鑫万通自动化设备有限公司
3116,所属公司,南阳市振方职业培训学校
3117,所属公司,苏州刚逸信息技术有限公司
3118,所属公司,秦皇岛市崇德中等职业学校
3119,所属公司,天津创恒新际信息技术有限公司
3120,所属公司,山东华安赛服智能科技有限公司
3121,所属公司,江苏创益云科技有限公司
3122,所属公司,合肥天帷信息安全技术有限公司
3123,所属公司,滨州市滨城区叁仁行培训学校有限公司
3124,所属公司,宿州市海峡技工学校有限公司
3125,所属公司,连云港新奥燃气有限公司
3126,所属公司,北京卓识网安技术股份有限公司
3127,所属公司,石家庄市长安区佳鑫诺培训学校
3128,所属公司,大庆市应用职业学校
3129,所属公司,上饶市科健技工学校
3130,所属公司,山东智学慧教信息科技有限公司
3131,所属公司,威海市雨林教育咨询服务有限公司
3132,所属公司,河南普天教育科技有限公司
3133,所属公司,宁夏塞上中蓝环保科技有限公司
3134,所属公司,福建金科信息技术股份有限公司
3135,所属公司,河南金城技工学校
3136,所属公司,潍坊学信教育咨询服务有限公司
3137,所属公司,青海立生科技教育服务有限责任公司
3138,所属公司,洪江市爱学习教育培训学校
3139,所属公司,中电信数智科技有限公司安徽分公司
3140,所属公司,北京中科卓信软件测评技术中心
3141,所属公司,"
洛阳科技职业学院
"
3142,所属公司,河南华拓教育科技有限公司
3143,所属公司,湖南卓京文化传播有限公司
3144,所属公司,哈尔滨太子乐乳业集团有限公司
3145,所属公司,惠州存珍档案管理有限公司
3146,所属公司,合肥优尔电子科技有限公司
3147,所属公司,湖南睿云信息技术有限公司
3148,所属公司,河北知行本一教育科技有限公司
3149,所属公司,"
洛阳科技职业学院
"
3150,所属公司,西安华坤机动车检测有限公司
3151,所属公司,株洲湘江成人教育专修学校有限公司
3152,所属公司,项城市第二中等职业学校
3153,所属公司,洛阳市商业中等专业学校
3154,所属公司,宁夏英杰达信息产业有限公司
3155,所属公司,天津联发科技有限公司
3156,所属公司,贵州云数网络安全测评技术有限公司
3157,所属公司,六安市鑫瑞电器销售有限公司
3158,所属公司,北京三思网安科技有限公司
3159,所属公司,厦门九边形科技有限公司
3160,所属公司,河南中科语众教育科技有限公司
3161,所属公司,潍坊世纪锦地消环注册安全工程师事务所有限公司
3162,所属公司,太原六味斋实业有限公司
3163,所属公司,云财富期货有限公司
3164,所属公司,济南戴博机械设备有限公司
3165,所属公司,合肥易立迅科技有限公司
3166,所属公司,北京启明星辰信息安全技术有限公司
3167,所属公司,郴州凯程医药有限公司
3168,所属公司,江苏首创办公设备有限公司
3169,所属公司,晋城市华洋职业中学校
3170,所属公司,甘肃策未来教育科技发展有限公司
3171,所属公司,宜昌点未来教育科技有限公司
3172,所属公司,山东燕航航空服务有限公司
3173,所属公司,贵州安融科技发展有限公司
3174,所属公司,天津瑞华久禾医药有限公司
3175,所属公司,新疆天衡信息系统咨询管理有限公司
3176,所属公司,贵州学佳教育管理（集团）有限公司
3177,所属公司,神州智造科技（北京）有限公司
3178,所属公司,四川浩诺优科技有限公司
3179,所属公司,辽宁融慧科技发展有限公司
3180,所属公司,杭州博广教育科技有限公司
3181,所属公司,杭州安恒信息技术股份有限公司
3182,所属公司,万洲电气股份有限公司
3183,所属公司,孝感红人中等职业学校
3184,所属公司,山东威尔梵成数据科技有限责任公司
3185,所属公司,昆山凯密科汽车零部件有限公司
3186,所属公司,青海博浩创新科技有限公司
3187,所属公司,河南蒙学教育科技有限公司
3188,所属公司,江西新起航信息技术有限公司
3189,所属公司,陕西辰艺星空教育科技有限公司
3190,所属公司,山西益源项目管理有限公司
3191,所属公司,内蒙古汇风新能源股份有限公司
3192,所属公司,岳阳市春雷学校
3193,所属公司,重庆市通信产业服务有限公司中冉信息分公司
3194,所属公司,哈尔滨市呼兰区亲爱子文化艺术教育培训学校
3195,所属公司,沈阳飞信科技有限公司
3196,所属公司,山东拓远文化集团有限公司
3197,所属公司,成都安美勤信息技术股份有限公司
3198,所属公司,扬州市丰瑞医疗器械有限公司
3199,所属公司,吉林省信安网络技术有限公司
3200,所属公司,长春联合图书城有限公司
3201,所属公司,江苏林洋能源股份有限公司
3202,所属公司,甘肃睿讯信息安全科技有限公司
3203,所属公司,合肥立信技工学校
3204,所属公司,太原博天恒业科技有限公司
3205,所属公司,湖南职教科技有限公司
3206,所属公司,华正培训学校（天津）有限公司
3207,所属公司,大唐移动通信设备有限公司
3208,所属公司,潍坊至上教育咨询有限公司
3209,所属公司,山东万集跨境电子商务有限公司
3210,所属公司,温州市丰鼎紧固件制造有限公司
3211,所属公司,厦门领学教育管理有限公司
3212,所属公司,武汉纺织大学外经贸学院
3213,所属公司,上海宜舟信息系统有限公司
3214,所属公司,娄底湘中领航铁路卫生职业学校有限公司
3215,所属公司,鞍山卓迈工程技术有限公司
3216,所属公司,辽宁冠林电子科技有限公司
3217,所属公司,南京国瑞能源科技有限公司
3218,所属公司,郑州艺美绘教育信息咨询有限公司
3219,所属公司,沈阳傲华创思信息技术有限公司
3220,所属公司,山东一创众望教育科技有限公司
3221,所属公司,上海巨耕信息技术有限公司
3222,所属公司,长治市天宇科技有限公司
3223,所属公司,伊通满族自治县龙华实验学校
3224,所属公司,北京九思泰物联网科技有限公司
3225,所属公司,北京华清远见教育科技有限公司
3226,所属公司,开封市佳闻网络科技有限公司
3227,所属公司,成都瑞木科技有限公司
3228,所属公司,潍坊腾博信息技术有限公司
3229,所属公司,沈阳星翼信息科技有限公司
3230,所属公司,北京神州新桥科技有限公司
3231,所属公司,江西丰功信息技术有限公司
3232,所属公司,武汉东来信息技术有限公司
3233,所属公司,济南百大教育咨询有限公司
3234,所属公司,安徽讯禾智能科技有限公司
3235,所属公司,河南维诚信息科技有限公司
3236,所属公司,四川师派教育咨询有限公司
3237,所属公司,邯郸科实中等专业学校
3238,所属公司,黄冈科新技工学校有限公司
3239,所属公司,北京学众信息技术有限公司天津分公司
3240,所属公司,济南树然教学仪器有限公司
3241,所属公司,益阳市侨兴教育科技开发有限公司
3242,所属公司,山西一一信息科技管理有限公司
3243,所属公司,保定市莲池区振涛弘业职业培训学校有限公司
3244,所属公司,吉林省吉电国际贸易有限公司
3245,所属公司,大理眼视光眼科医院有限公司
3246,所属公司,邯郸冀南新区信息工程中等专业学校
3247,所属公司,哈尔滨市滨才交通服务中等职业技术学校
3248,所属公司,湖南融洋信息技术有限公司
3249,所属公司,江苏首创办公设备有限公司
3250,所属公司,扬州智能科技技工学校
3251,所属公司,威海市高级技工学校
3252,所属公司,潍坊星科现代教育科技有限公司
3253,所属公司,湖南万恒工程项目管理有限公司
3254,所属公司,抚州市中阳艺术工程学校
3255,所属公司,武汉裕众信息科技有限公司
3256,所属公司,广东优学尚教育培训有限公司
3257,所属公司,山东智学慧教信息科技有限公司
3258,所属公司,山东万众技工学校有限公司
3259,所属公司,巨野县修文职业中等专业学校
3260,所属公司,德兴市信疆科技有限公司
3261,所属公司,上海鹏生科技有限公司
3262,所属公司,喀什玖月安防科技有限公司
3263,所属公司,九江市振邦技工学校
3264,所属公司,承德热河中等职业技术学校有限公司
3265,所属公司,中数通信息有限公司
3266,所属公司,滨州市滨城区叁仁行培训学校有限公司
3267,所属公司,乐陵民生职业中等专业学校
3268,所属公司,乌鲁木齐易昕达科技培训有限公司
3269,所属公司,四川中典司法鉴定所
3270,所属公司,好老师教育科技有限公司
3271,所属公司,南阳市振方职业培训学校
3272,所属公司,德阳弘正科技职业学校
3273,所属公司,安徽讯禾智能科技有限公司
3274,所属公司,湖南华航铁路科技技工学校有限公司
3275,所属公司,泰州市博日电脑技术学校
3276,所属公司,武汉焕石科技有限公司
3277,所属公司,沈阳星翼信息科技有限公司
3278,所属公司,北京树仁诚林教育咨询有限公司
3279,所属公司,潍坊市潍城区博竣教育培训学校有限公司
3280,所属公司,昆山凯密科汽车零部件有限公司
3281,所属公司,太原博天恒业科技有限公司
3282,所属公司,四川卓翼梦想教育科技有限公司
3283,所属公司,邵阳市开元职业技术学校
3284,所属公司,潍坊学信教育咨询服务有限公司
3285,所属公司,厦门亚皇电子科技有限公司
3286,所属公司,威海市雨林教育咨询服务有限公司
3287,所属公司,邯郸科技信息工程学校
3288,所属公司,安徽艺迪优教育科技有限公司
3289,所属公司,河北揽州教育科技有限公司
3290,所属公司,河南一方教育服务有限公司
3291,所属公司,温州市丰鼎紧固件制造有限公司
3292,所属公司,孝感创兴中等职业学校有限责任公司
3293,所属公司,孝感红人中等职业学校
3294,所属公司,山东燕航航空服务有限公司
3295,所属公司,青海云科信息技术有限公司
3296,所属公司,山东拓远文化集团有限公司
3297,所属公司,北京华清远见教育科技有限公司
3298,所属公司,安徽港瑞环保科技有限公司
3299,所属公司,山东省安装工程技工学校
3300,所属公司,河南中科语众教育科技有限公司
3301,所属公司,北京智职通科技有限公司
3302,所属公司,厦门领学教育管理有限公司
3303,所属公司,奇安信网神信息技术（北京）股份有限公司
3304,所属公司,北京淇朗科技有限公司
3305,所属公司,潍坊至上教育咨询有限公司
3306,所属公司,河南金城技工学校
3307,所属公司,河南华拓教育科技有限公司
3308,所属公司,寿光市天资教育咨询有限公司
3309,所属公司,福州市仓山区知源培训学校
3310,所属公司,山东启智教育发展有限公司
3311,所属公司,宁波北仑弘途技工学校
3312,所属公司,中教畅享（北京）科技有限公司
3313,所属公司,江苏天能资源循环科技有限公司
3314,所属公司,新疆大兴恒业电子科技有限公司阿克苏分公司
3315,所属公司,贵阳银河信技术服务有限公司
3316,所属公司,江苏林洋能源股份有限公司
3317,所属公司,成都达内英才添翼科技有限公司
3318,所属公司,华正培训学校（天津）有限公司
3319,所属公司,福建省众博科技有限公司
3320,所属公司,哈尔滨市呼兰区亲爱子文化艺术教育培训学校
3321,所属公司,山东宇信纳米科技有限公司
3322,所属公司,成都智畅信息科技发展有限公司
3323,所属公司,北京中公教育科技有限公司
3324,所属公司,济南戴博机械设备有限公司
3325,所属公司,安徽新华教育集团有限公司
3326,所属公司,石家庄佳诚网络技术有限公司
3327,所属公司,苏州研途教育科技有限公司
3328,所属公司,北京华栋教育科技有限公司
3329,所属公司,北京华图宏阳教育文化发展股份有限公司
3330,所属公司,惠州市新方舟职业培训学校
3331,所属公司,唐山国控科创有限公司
3332,所属公司,大庆市应用职业学校
3333,所属公司,郑州市名卓职业培训学校
3334,所属公司,"
菱湖高中
"
3335,所属公司,苏州竞予信息科技有限公司
3336,所属公司,"
潮汕职业技术学院
"
3337,所属公司,宜昌城市职业技术学校有限公司
3338,所属公司,赣中职业学校
3339,所属公司,仙桃市沔阳技工学校有限公司
3340,所属公司,武汉江南技术学校
3341,所属公司,郑州中州技术专修学校
3342,所属公司,广东岭南职业技术学院
3343,所属公司,江西东望教育科技有限公司
3344,所属公司,长沙京云创新科技有限公司
3345,所属公司,北京高沃国际知识产权代理有限公司
3346,所属公司,"
四川文化艺术学院
"
3347,所属公司,福建省飞毛腿技师学院
3348,所属公司,上海音明信息技术股份有限公司
3349,所属公司,呼伦贝尔精图科技有限公司
3350,所属公司,滨州愉悦技工学校
3351,所属公司,河南汇盛教育科技集团有限公司
3352,所属公司,四川新思凯教育科技有限公司
3353,所属公司,黑龙江省万文信息安全测评有限公司
3354,所属公司,广东博雅未来教育投资有限公司
3355,所属公司,淮南优仕培训学校有限公司
3356,所属公司,福元药业有限公司
3357,所属公司,江西杰昂科技有限公司
3358,所属公司,河南思梦阮教育科技有限公司
3359,所属公司,库尔勒泰农农业发展有限公司
3360,所属公司,内蒙古华融电力科技有限公司
3361,所属公司,贵州养天和福安康医药连锁有限公司
3362,所属公司,贵阳安大宇航材料工程有限公司
3363,所属公司,山西振中电力股份有限公司
3364,所属公司,山东动脉智能科技股份有限公司
3365,所属公司,长沙元初网络技术有限公司
3366,所属公司,昆山松泽智能科技有限公司
3367,所属公司,潍坊北海高级技工学校
3368,所属公司,泰安泰东工程材料有限公司
3369,所属公司,江苏冬云云计算股份有限公司
3370,所属公司,宜昌鸿宇连邦软件有限责任公司
3371,所属公司,运城大运机车有限公司
3372,所属公司,得力集团有限公司
3373,所属公司,武汉印家房地产经纪有限公司
3374,所属公司,北京北大软件工程股份有限公司
3375,所属公司,佛山市南海区恒锵混凝土有限公司
3376,所属公司,四川澜凯信安信息技术有限公司
3377,所属公司,长治市云非凡信息科技有限公司
3378,所属公司,陕西陆航信息科技有限公司
3379,所属公司,上饶捷泰新能源科技有限公司
3380,所属公司,福建万兴投资有限公司
3381,所属公司,吉林省吴太医药集团有限公司
3382,所属公司,福州市时代华威中学
3383,所属公司,福建柯韦尼克数码科技有限公司
3384,所属公司,淄博首泰商贸有限公司
3385,所属公司,内蒙古浩源新材料股份有限公司
3386,所属公司,太原泛海中达科技有限公司
3387,所属公司,宁夏西部云科信息技术有限公司
3388,所属公司,武汉思创易控科技有限公司
3389,所属公司,杭州集点科技发展有限公司
3390,所属公司,无锡易卡科技有限公司
3391,所属公司,赛尔网络有限公司
3392,所属公司,浙江安远检测技术有限公司
3393,所属公司,佛山济丰包装科技有限公司
3394,所属公司,威海和光电子有限公司
3395,所属公司,武汉雨滴科技有限公司
3396,所属公司,光合智控（成都）科技有限公司
3397,所属公司,富本（厦门）科技股份有限公司
3398,所属公司,上海超竞教育科技有限公司
3399,所属公司,山东卓朗检测股份有限公司
3400,所属公司,中煤科工（陕西）能源发展有限公司
3401,所属公司,厦门兴华亚网络科技有限公司
3402,所属公司,合肥雅智信息科技有限公司
3403,所属公司,辽宁乐股软件股份有限公司
3404,所属公司,哈尔滨易公考教育咨询有限公司
3405,所属公司,宁夏高创科技发展有限公司
3406,所属公司,海南白沙土又土农业科技有限公司
3407,所属公司,湖南卡姆派乐信息科技有限公司
3408,所属公司,杭州迪普科技股份有限公司
3409,所属公司,武汉纳多德网络技术有限公司
3410,所属公司,厦门琪珑网络科技有限公司
3411,所属公司,福建浩瑞通信工程有限公司
3412,所属公司,普洛药业股份有限公司
3413,所属公司,北京抖音信息服务有限公司
3414,所属公司,东华链条兴化有限公司
3415,所属公司,正海集团有限公司
3416,所属公司,承德鼎盛文化产业投资有限公司
3417,所属公司,北京中公教育科技有限公司安顺分公司
3418,所属公司,四三九九网络股份有限公司
3419,所属公司,湖北星野科技发展有限公司
3420,所属公司,厦门一通灵信息科技有限公司
3421,所属公司,广东颐点软件科技有限公司
3422,所属公司,上海询诺通信科技发展有限公司
3423,所属公司,鸿翌云（福建）科技有限公司
3424,所属公司,苏州易百特信息科技有限公司
3425,所属公司,安徽合信国质检验检测有限公司
3426,所属公司,大连德誉网络科技有限公司
3427,所属公司,宁波容百新能源科技股份有限公司
3428,所属公司,江苏晟晖信息科技有限公司
3429,所属公司,江阴万事兴医疗器械股份有限公司
3430,所属公司,捷安特（中国）有限公司
3431,所属公司,深圳市容大数字技术有限公司
3432,所属公司,陕西创杰恒联科技有限公司
3433,所属公司,山东九州信泰信息科技股份有限公司
3434,所属公司,无锡紫杉药业股份有限公司
3435,所属公司,河南瑞亦达电子科技有限公司
3436,所属公司,中船重工（武汉）凌久高科有限公司广西分公司
3437,所属公司,北京嘉和天际科技有限公司
3438,所属公司,重庆都会信息科技有限公司
3439,所属公司,中兴协力（山东）数字科技集团有限公司
3440,所属公司,北京布鲁家族农业发展有限公司
3441,所属公司,广东希睿数字科技有限公司
3442,所属公司,台州汇聚信息科技有限公司
3443,所属公司,江苏万和系统工程有限公司
3444,所属公司,山东华星工程机械有限公司
3445,所属公司,杭州瀚洋科技有限公司
3446,所属公司,海之景科技集团有限公司
3447,所属公司,安全云网络科技（河南省）有限公司
3448,所属公司,立达信物联科技股份有限公司
3449,所属公司,潍坊腾博信息技术有限公司
3450,所属公司,四川安平泰科技有限公司
3451,所属公司,上海童孚信息科技发展有限公司
3452,所属公司,兰州陇能电力科技有限公司
3453,所属公司,北京优炫软件股份有限公司
3454,所属公司,江西城市大脑信息技术有限公司
3455,所属公司,深圳市讯方技术股份有限公司
3456,所属公司,浙江云诺通信科技有限公司
3457,所属公司,上海翱纵广告有限公司
3458,所属公司,哈尔滨市南岗区拓普领先教育培训学校有限公司
3459,所属公司,南宁柏乐口腔医院有限公司
3460,所属公司,北京天赢测控技术有限公司
3461,所属公司,青田教育咨询（大连）有限公司
3462,所属公司,榆林市皓天科技有限公司
3463,所属公司,蓝思科技股份有限公司
3464,所属公司,新疆众合云尚网络股份有限公司
3465,所属公司,山东融和通信息技术有限公司
3466,所属公司,福建奥通迈胜电力科技有限公司
3467,所属公司,湖北楚才技工学校
3468,所属公司,西安西电安行永道信息安全技术有限公司
3469,所属公司,杭州天高控股集团有限公司
3470,所属公司,珠海科创储能科技有限公司
3471,所属公司,山东新港企业集团有限公司
3472,所属公司,先锋软件股份有限公司
3473,所属公司,江苏益佳通新能源科技有限公司
3474,所属公司,北京永恒之蓝信息技术有限公司
3475,所属公司,广州乐牛软件科技有限公司
3476,所属公司,广东真正工程检测有限公司
3477,所属公司,深圳市视想科技有限公司
3478,所属公司,中广（绍兴柯桥）有线信息网络有限公司
3479,所属公司,软通动力信息技术（集团）股份有限公司
3480,所属公司,深圳市高德信通信股份有限公司
3481,所属公司,上海新致软件股份有限公司
3482,所属公司,杭州俊美科技有限公司
3483,所属公司,北京星华惠康科技股份有限公司
3484,所属公司,西安捷润数码科技有限公司
3485,所属公司,武汉吧哒科技股份有限公司
3486,所属公司,爱迪特（秦皇岛）科技股份有限公司
3487,所属公司,常州信拓路面改性材料有限公司
3488,所属公司,重庆宗申动力机械股份有限公司
3489,所属公司,广西智翔科技有限公司
3490,所属公司,山西和盛华科技有限公司
3491,所属公司,山东通广电子股份有限公司
3492,所属公司,成都国卫信安信息技术有限公司
3493,所属公司,杭州先导医药科技有限责任公司
3494,所属公司,神州数码信息服务股份有限公司
3495,所属公司,北京华峰测控技术股份有限公司
3496,所属公司,中朵云建设有限公司
3497,所属公司,北京康泰爱博医疗科技有限公司
3498,所属公司,广州市格崴云致数据科技有限公司
3499,所属公司,哈尔滨宽行教育科技有限公司
3500,所属公司,浙江云端时代科技有限公司
3501,所属公司,山东海创智能科技有限公司
3502,所属公司,壮都通信股份有限公司
3503,所属公司,陕西云企网络科技有限公司
3504,所属公司,中通供应链管理有限公司
3505,所属公司,广东舜储智能装备有限公司
3506,所属公司,浩鲸云计算科技股份有限公司
3507,所属公司,上海虎柒投资管理有限公司
3508,所属公司,福建奥通迈胜电力科技有限公司
3509,所属公司,杭州迪普科技股份有限公司
3510,所属公司,新疆众合云尚网络股份有限公司
3511,所属公司,苏州盛科通信股份有限公司
3512,所属公司,北京华峰测控技术股份有限公司
3513,所属公司,宁波大道当然企业管理咨询有限公司
3514,所属公司,深圳喜为智慧科技有限公司
3515,所属公司,网宿科技股份有限公司
3516,所属公司,武汉联影医疗科技有限公司
3517,所属公司,上海新致软件股份有限公司
3518,所属公司,未知
3519,所属公司,榆林市皓天科技有限公司
3520,所属公司,未知
3521,所属公司,浙江云诺通信科技有限公司
3522,所属公司,北京抖音信息服务有限公司
3523,所属公司,新华三技术有限公司
3524,所属公司,未知
3525,所属公司,神州数码信息服务股份有限公司
3526,所属公司,北京永恒之蓝信息技术有限公司
3527,所属公司,新迈尔（北京）科技有限公司
3528,所属公司,未知
3529,所属公司,上海量与弦信息技术有限公司
3530,所属公司,南京普塔科技有限公司
3531,所属公司,中广（绍兴柯桥）有线信息网络有限公司
3532,所属公司,未知
3533,所属公司,珠海富山爱旭太阳能科技有限公司
3534,所属公司,腾讯科技（上海）有限公司
3535,所属公司,立达信物联科技股份有限公司
3536,所属公司,山东燕航航空服务有限公司
3537,所属公司,深圳市腾讯计算机系统有限公司
3538,所属公司,天津易鼎丰动力科技有限公司
3539,所属公司,武汉厚溥数字科技有限公司
3540,所属公司,重庆宗申动力机械股份有限公司
3541,所属公司,先锋软件股份有限公司
3542,所属公司,中电信数智科技有限公司
3543,所属公司,北京优炫软件股份有限公司
3544,所属公司,翌视智能科技（上海）有限公司
3545,所属公司,浙江锐文科技有限公司
3546,所属公司,江苏益佳通新能源科技有限公司
3547,所属公司,金运通网络支付股份有限公司
3548,所属公司,牛园信息技术（广州）有限公司
3549,所属公司,苏州春和科技咨询有限公司
3550,所属公司,厦门信和达电子有限公司
3551,所属公司,安徽曦腾信息科技有限公司
3552,所属公司,帅迪企业管理咨询（上海）有限公司
3553,所属公司,喜欢屋（海口）网络科技有限公司
3554,所属公司,杭州安恒信息技术股份有限公司
3555,所属公司,华为数字技术（苏州）有限公司
3556,所属公司,南京殷商时代网络科技有限公司
3557,所属公司,锐捷网络股份有限公司
3558,所属公司,上海翌擎智能科技有限公司
3559,所属公司,深圳市高德信通信股份有限公司
3560,所属公司,未知
3561,所属公司,厦门亿联网络技术股份有限公司
3562,所属公司,北京网络职业学院
3563,所属公司,上海凯纬斯信息技术有限公司
3564,所属公司,中移系统集成有限公司
3565,所属公司,未知
3566,所属公司,未知
3567,所属公司,上海金桥信息股份有限公司
3568,所属公司,未知
3569,所属公司,珠海安联锐视科技股份有限公司
3570,所属公司,万翼科技有限公司
3571,所属公司,广州视源电子科技股份有限公司
3572,所属公司,嘉宝莉化工集团股份有限公司
3573,所属公司,上海天哲计算机科技有限公司
3574,所属公司,广州嘉权专利商标事务所有限公司长沙分公司
3575,所属公司,郑州睿信知识产权代理有限公司
3576,所属公司,国信期货有限责任公司
3577,所属公司,民航电信开发有限责任公司
3578,所属公司,华为技术有限公司
3579,所属公司,淮安北林研究院有限公司
3580,所属公司,北银金融科技有限责任公司
3581,所属公司,湖南胜奇泓文化传播有限公司
3582,所属公司,"
至联云
"
3583,所属公司,太极计算机股份有限公司
3584,所属公司,未知
3585,所属公司,重庆太极实业（集团）股份有限公司
3586,所属公司,上海宁盾信息科技有限公司
3587,所属公司,护航科技股份有限公司
3588,所属公司,广联达科技股份有限公司
3589,所属公司,红有软件股份有限公司
3590,所属公司,未知
3591,所属公司,北京云梦创网络科技有限公司
3592,所属公司,时代一汽动力电池有限公司
3593,所属公司,德邦物流股份有限公司
3594,所属公司,华信纵横科技有限公司厦门分公司
3595,所属公司,未知
3596,所属公司,北京经纬恒润科技股份有限公司
3597,所属公司,厦门创普云科技有限公司
3598,所属公司,博科达（北京）科技有限公司
3599,所属公司,广州汇智通信技术有限公司
3600,所属公司,沈阳东硕信息技术有限公司
3601,所属公司,三一（韶山）风电设备有限公司
3602,所属公司,上海密尔克卫化工储存有限公司
3603,所属公司,成都腾云忆想科技有限公司
3604,所属公司,中安网脉（北京）技术股份有限公司
3605,所属公司,未知
3606,所属公司,深圳市紫金支点技术股份有限公司
3607,所属公司,北京博特数通技术有限公司
3608,所属公司,河南纳迦科技有限公司
3609,所属公司,山东广电信通网络运营有限公司
3610,所属公司,永安期货股份有限公司
3611,所属公司,内蒙古环晔材料有限公司
3612,所属公司,"
横乐医学
"
3613,所属公司,杭州宇树科技有限公司
3614,所属公司,福建青网网络科技有限公司
3615,所属公司,上海宜舟信息系统有限公司
3616,所属公司,深圳市铂科新材料股份有限公司
3617,所属公司,苏州云融信息技术有限公司
3618,所属公司,海南好思达网络科技有限公司
3619,所属公司,北京曼威知识产权代理有限公司
3620,所属公司,未知
3621,所属公司,杭州吉网通信技术有限公司
3622,所属公司,北京中电汇通科技有限公司
3623,所属公司,上海长信科技股份有限公司
3624,所属公司,科大国盾量子技术股份有限公司
3625,所属公司,世方信息技术集团有限公司
3626,所属公司,深圳市华成峰科技有限公司
3627,所属公司,江苏亿兆智慧数据有限公司
3628,所属公司,深圳市创载网络科技有限公司
3629,所属公司,江西电信信息产业有限公司
3630,所属公司,中电信数智科技有限公司湖南分公司
3631,所属公司,东莞市东阳光实业发展有限公司
3632,所属公司,江苏金盾检测技术股份有限公司
3633,所属公司,南京迈特望科技股份有限公司
3634,所属公司,杭州银科思成信息技术有限公司
3635,所属公司,智达信科技术股份有限公司
3636,所属公司,福建泉工股份有限公司
3637,所属公司,爱讯达科技（深圳）有限公司
3638,所属公司,珠海格创新空间发展有限公司
3639,所属公司,北京太极疆泰科技发展有限公司
3640,所属公司,三一石油智能装备有限公司
3641,所属公司,江苏达科信息科技有限公司
3642,所属公司,未知
3643,所属公司,广东钦天科技有限公司
3644,所属公司,神州顶联科技有限公司
3645,所属公司,通威太阳能（盐城）有限公司
3646,所属公司,北京勤慕数据科技有限公司
3647,所属公司,南京盛佳建业科技有限责任公司
3648,所属公司,摩恩节能技术（天津）有限公司
3649,所属公司,艾辉（深圳）服装咨询顾问有限公司
3650,所属公司,宁波金田铜业（集团）股份有限公司
3651,所属公司,广州南天电脑系统有限公司
3652,所属公司,天道金科股份有限公司
3653,所属公司,未知
3654,所属公司,杭州鸿翼安通科技有限公司
3655,所属公司,未知
3656,所属公司,新特能源股份有限公司
3657,所属公司,南京中新赛克科技有限责任公司
3658,所属公司,江苏常熟农村商业银行股份有限公司
3659,所属公司,深圳市多科电子有限公司
3660,所属公司,深圳市新天下集团有限公司
3661,所属公司,北京万里红科技有限公司
3662,所属公司,福州元科信息技术有限公司
3663,所属公司,河北启天电子技术有限公司
3664,所属公司,北京云融天下科技有限公司
3665,所属公司,中科水研（江西）科技股份有限公司
3666,所属公司,北京信安致远科技有限公司
3667,所属公司,"
广州交信投
"
3668,所属公司,四川川西数据产业有限公司
3669,所属公司,大连豪森瑞德设备制造有限公司
3670,所属公司,比亚迪汽车工业有限公司
3671,所属公司,上海中是信息科技有限公司
3672,所属公司,北京海卫士电子有限公司
3673,所属公司,福州胜蓝智能科技有限公司
3674,所属公司,北京握奇数据股份有限公司
3675,所属公司,北京神州新桥科技有限公司
3676,所属公司,杭州青橙繁星信息技术服务有限公司
3677,所属公司,华润河南医药有限公司
3678,所属公司,三星（中国）半导体有限公司
3679,所属公司,北京北信志博科技有限公司
3680,所属公司,北京和鸿盈科技术有限公司
3681,所属公司,深圳市拓保软件有限公司
3682,所属公司,一九零五（北京）网络科技有限公司
3683,所属公司,特瓦特能源科技有限公司
3684,所属公司,量投科技（上海）股份有限公司
3685,所属公司,深圳市中电电力技术股份有限公司
3686,所属公司,深圳拓邦股份有限公司
3687,所属公司,威胜集团有限公司
3688,所属公司,曙光信息产业股份有限公司
3689,所属公司,山东英科医疗制品有限公司
3690,所属公司,上海宇服科技服务有限公司
3691,所属公司,深圳市大成印象科技有限公司
3692,所属公司,济南作为科技有限公司
3693,所属公司,嘉安城工程咨询（天津）有限公司
3694,所属公司,阅动（广东）信息技术有限公司
3695,所属公司,长安通信科技有限责任公司
3696,所属公司,北京派网软件有限公司
3697,所属公司,杭州水务数智科技股份有限公司
3698,所属公司,上海佩琪信息技术有限公司
3699,所属公司,深圳市百富嘉软件有限公司
3700,所属公司,"
牧原肉食品
"
3701,所属公司,亚太卫星宽带通信（深圳）有限公司
3702,所属公司,西安明赋云计算有限公司
3703,所属公司,北京数码创天科技有限公司
3704,所属公司,武汉维谘信息技术有限公司
3705,所属公司,武汉福源康环境技术有限公司
3706,所属公司,北京天合正道电子技术有限公司
3707,所属公司,陕西航天蓝西科技开发有限公司
3708,所属公司,航天四创科技有限责任公司
3709,所属公司,宁波工业互联网研究院有限公司
3710,所属公司,南凌科技股份有限公司
3711,所属公司,华勤技术股份有限公司
3712,所属公司,"
大昌行集团
"
3713,所属公司,常州星宇车灯股份有限公司
3714,所属公司,武汉光谷联合集团有限公司
3715,所属公司,竞技世界（北京）网络技术有限公司
3716,所属公司,上海万申信息产业股份有限公司
3717,所属公司,惠州锂威新能源科技有限公司
3718,所属公司,昆山迈致治具科技有限公司
3719,所属公司,浙江望安科技有限公司
3720,所属公司,福建简致互娱软件有限公司
3721,所属公司,小西信息技术（上海）有限公司
3722,所属公司,宁波云沐信息科技有限公司
3723,所属公司,广东天朝达互联科技有限公司
3724,所属公司,沈阳迅领科技有限公司
3725,所属公司,湖南大唐先一科技有限公司
3726,所属公司,苏州美蝶网络科技有限公司
3727,所属公司,三一海洋重工有限公司
3728,所属公司,合肥发源地智能科技有限公司
3729,所属公司,煜象科技（杭州）有限公司
3730,所属公司,神彩科技股份有限公司
3731,所属公司,武汉巴旦木科技有限公司
3732,所属公司,首都信息科技发展有限公司
3733,所属公司,重庆海云捷迅科技有限公司
3734,所属公司,山东香农软件科技有限公司
3735,所属公司,天安星控（北京）科技有限责任公司
3736,所属公司,未知
3737,所属公司,北京智宸天驰科技有限公司
3738,所属公司,深圳市兰盾科技有限公司
3739,所属公司,深圳顺丰泰森控股（集团）有限公司
3740,所属公司,科来网络技术股份有限公司
3741,所属公司,武汉中地数码科技有限公司
3742,所属公司,中煤科工集团南京设计研究院有限公司
3743,所属公司,浙江孔辉汽车科技有限公司
3744,所属公司,江苏林洋能源股份有限公司
3745,所属公司,北京中亦安图科技股份有限公司
3746,所属公司,无锡星智数服科技有限公司
3747,所属公司,深圳彩智慧网络有限公司
3748,所属公司,润都制药（荆门）有限公司
3749,所属公司,山金期货有限公司
3750,所属公司,北京恒安信创科技股份有限公司
3751,所属公司,广州广大通电子科技有限公司
3752,所属公司,东微电子材料（北京）有限公司
3753,所属公司,上海有大信息科技有限公司
3754,所属公司,中移系统集成有限公司陕西分公司
3755,所属公司,上海启源迈通信息技术有限公司
3756,所属公司,河北上善若水智慧水务有限公司
3757,所属公司,大连斯锐信息技术有限公司
3758,所属公司,江苏未来网络集团有限公司
3759,所属公司,河南信大网御科技有限公司
3760,所属公司,上海熊猫机械集团销售有限公司福建分公司
3761,所属公司,上海亿威航空电子股份有限公司
3762,所属公司,西安东亚科技专修学院
3763,所属公司,深圳北斗星航通信技术有限公司
3764,所属公司,中水三立数据技术股份有限公司
3765,所属公司,华晨宝马汽车有限公司
3766,所属公司,北京协力泽仁科技发展有限公司
3767,所属公司,杭州敏探科技有限公司
3768,所属公司,江苏凤栖奥特莱斯实业发展有限公司
3769,所属公司,中通服和信科技有限公司
3770,所属公司,中金金融认证中心有限公司
3771,所属公司,上海展湾信息科技有限公司
3772,所属公司,陕西云软软件有限公司
3773,所属公司,长春卓尔巨龙科技发展有限公司
3774,所属公司,重庆天音云通科技有限公司
3775,所属公司,石家庄简道科技有限公司
3776,所属公司,成都海地云信息技术有限公司
3777,所属公司,辽宁玉晟科技有限公司
3778,所属公司,广州市科喜信息科技有限公司
3779,所属公司,惠州市耘天科技有限公司
3780,所属公司,江西路丰科技有限公司
3781,所属公司,扬州科瑞信息技术有限公司
3782,所属公司,北京机器人摇滚科技有限公司
3783,所属公司,深圳市鸣筝软件有限责任公司
3784,所属公司,北京千捷科技有限公司
3785,所属公司,长春诺特瑞软件有限公司
3786,所属公司,吉林省北云科技有限公司
3787,所属公司,镇江青上智企业服务有限公司
3788,所属公司,山东贝叶斯信息科技有限公司
3789,所属公司,内蒙古息易信息技术服务有限公司
3790,所属公司,山西华峰科信有限责任公司
3791,所属公司,广西德仁文化传播有限公司
3792,所属公司,重庆尔智科技有限公司
3793,所属公司,北京古域酒业有限公司
3794,所属公司,长春市飞秋科技有限公司
3795,所属公司,深圳市布尔达科技有限公司
3796,所属公司,北京智源视界科技有限公司
3797,所属公司,"
牛酷
"
3798,所属公司,成都安德力自动化科技有限公司
3799,所属公司,平顶山金目工程检测技术有限公司
3800,所属公司,锦州高丞地理信息科技有限公司
3801,所属公司,北京诚亚科技有限责任公司
3802,所属公司,辽宁文兴车辆服务有限公司
3803,所属公司,河南吉吉信息技术有限公司
3804,所属公司,湖南超视物联智能网络科技有限公司
3805,所属公司,南宁市雅径电子产品经营部
3806,所属公司,湖南湘安民防工程建设监理咨询有限公司
3807,所属公司,迁安市亲和医养中心
3808,所属公司,上海迈拓汽车技术有限公司
3809,所属公司,连云港普登自动化设备有限公司
3810,所属公司,辽宁天普软件有限公司
3811,所属公司,梁平区万鑫五金店
3812,所属公司,联仕（昆山）化学材料有限公司
3813,所属公司,"
信安工程监理
"
3814,所属公司,沈阳司贝司装饰工程有限公司
3815,所属公司,广东辉曜环境科技有限公司
3816,所属公司,内蒙古大恒建设有限公司
3817,所属公司,深圳市时迅迪科技有限公司
3818,所属公司,广西汉王天锦信息技术有限公司
3819,所属公司,四川众科达科技有限公司
3820,所属公司,武汉辉柯医疗科技有限公司
3821,所属公司,河北优枫网络科技有限公司
3822,所属公司,广州方圆建筑信息技术咨询有限公司
3823,所属公司,山东意和同悦电力工程设计有限公司
3824,所属公司,自贡兴建建设项目管理有限公司
3825,所属公司,北京佳网科技有限责任公司呼伦贝尔市分公司
3826,所属公司,福州市协成智慧科技有限公司
3827,所属公司,内蒙古中叶信息技术有限责任公司
3828,所属公司,辽宁天普软件有限公司
3829,所属公司,河北传峰工程技术咨询有限公司
3830,所属公司,界动体旅（张家口）运动场地设施有限公司
3831,所属公司,北京市建壮咨询有限公司安徽分公司
3832,所属公司,大连网医信联科技有限公司
3833,所属公司,福建拓尔通软件有限公司
3834,所属公司,联众智慧科技股份有限公司
3835,所属公司,广西太极华青信息系统有限公司
3836,所属公司,烟台经济技术开发区拜斯汽车音响改装店
3837,所属公司,杭州安庐科技有限公司
3838,所属公司,南京乾华翀电子科技有限公司
3839,所属公司,福建网信安服信息科技有限公司
3840,所属公司,广西国信云服科技有限公司
3841,所属公司,河北燕大工程设计有限公司
3842,所属公司,天津哲凌科技有限公司
3843,所属公司,梁平区万鑫五金店
3844,所属公司,沈阳奥林软件开发有限公司
3845,所属公司,联仕（昆山）化学材料有限公司
3846,所属公司,北京通锐创新科技有限责任公司
3847,所属公司,"
信安工程监理
"
3848,所属公司,沈阳司贝司装饰工程有限公司
3849,所属公司,广东辉曜环境科技有限公司
3850,所属公司,内蒙古大恒建设有限公司
3851,所属公司,深圳市时迅迪科技有限公司
3852,所属公司,广西汉王天锦信息技术有限公司
3853,所属公司,广东铸友智能装备制造有限公司
3854,所属公司,长春市力众模具制造有限公司
3855,所属公司,美嘉利河北医疗器械物流有限公司
3856,所属公司,烟台上森威尔智能科技有限公司
3857,所属公司,广州网和网络技术有限公司
3858,所属公司,西安科瑞达石油科技有限公司
3859,所属公司,长沙黑旋风电子科技有限公司
3860,所属公司,杭州沁宁环保科技有限公司
3861,所属公司,南昌思创工程技术有限公司
3862,所属公司,镇江远舟工程技术有限公司
3863,所属公司,邯郸物效科技有限公司
3864,所属公司,宁夏嘉博晟安科技有限公司
3865,所属公司,重庆玲鲲科技有限公司
3866,所属公司,睿易教育科技股份有限公司
3867,所属公司,重庆佳友科技有限公司
3868,所属公司,芒果地图（北京）科技有限公司
3869,所属公司,甘肃光海科技发展有限公司
3870,所属公司,江西摩速科技有限公司
3871,所属公司,四川无量房地产开发有限公司
3872,所属公司,西安新敏电子科技有限公司
3873,所属公司,北京珅企科技有限公司
3874,所属公司,鞍山天汇科技有限公司
3875,所属公司,长春鼎龙汽车科技有限公司
3876,所属公司,山东慧建项目管理有限公司
3877,所属公司,兰州辉煌软件有限责任公司
3878,所属公司,河北中北环保科技有限公司
3879,所属公司,山东昱衡工程项目管理有限公司
3880,所属公司,江西省海岸建设集团有限公司
3881,所属公司,"
广西子森
"
3882,所属公司,慧农数科（辽阳）信息技术有限公司
3883,所属公司,陕西盈湖设备安装有限公司
3884,所属公司,惠州市华宸工程管理有限公司
3885,所属公司,内蒙古苏禾工程勘察设计有限公司
3886,所属公司,四川柏慕联创建筑科技有限公司
3887,所属公司,贵州启瀚云视科技有限公司
3888,所属公司,广元市天南建筑劳务有限公司
3889,所属公司,江西优联荟智能科技有限公司
3890,所属公司,大连明佳科技发展有限公司
3891,所属公司,苏州德斯米尔智能科技有限公司
3892,所属公司,昆山沃楚工业自动化设备有限公司
3893,所属公司,贵州睿合越辉工程有限公司
3894,所属公司,中伦建筑工程设计有限公司川北设计院
3895,所属公司,德图（云南）信息科技有限公司
3896,所属公司,武汉苗新智能科技有限公司
3897,所属公司,巨鹏信息科技有限公司
3898,所属公司,杭州云众互联科技有限公司
3899,所属公司,北京赛施网络信息技术有限公司
3900,所属公司,内蒙古诚友网络科技有限公司
3901,所属公司,深圳云合盛科技有限公司
3902,所属公司,山东德慧通工程项目管理有限公司
3903,所属公司,河北航天信息技术有限公司石家庄分公司
3904,所属公司,佛山图新科技有限公司
3905,所属公司,河北本鉴云网络科技有限公司
3906,所属公司,重庆巴实游信息技术有限公司
3907,所属公司,织米信息科技（河北）有限公司
3908,所属公司,云南重置科技有限责任公司
3909,所属公司,日照市艳阳电子科技有限公司
3910,所属公司,成都市建丰声光科技有限公司
3911,所属公司,包头市智友信息技术有限公司
3912,所属公司,济南天德物业管理有限公司
3913,所属公司,宿州智海知识产权代理事务所（普通合伙）
3914,所属公司,四川正禾锦诚工程管理有限公司
3915,所属公司,磐石创新（江苏）电子装备有限公司
3916,所属公司,上海建棱工程项目管理有限公司
3917,所属公司,智容科技有限公司
3918,所属公司,珠海小李飞刀网络科技有限公司
3919,所属公司,广西国信云服科技有限公司
3920,所属公司,河北燕大工程设计有限公司
3921,所属公司,天津哲凌科技有限公司
3922,所属公司,长春大正博凯汽车设备有限公司
3923,所属公司,广州市一里地社区服务有限公司
3924,所属公司,广州市亿易联电子科技有限公司
3925,所属公司,山东汉昇环保技术服务有限公司
3926,所属公司,北京宜通华瑞科技有限公司
3927,所属公司,武汉虹信技术服务有限责任公司
3928,所属公司,大连联达科技有限公司
3929,所属公司,河北飞梦电子科技有限公司
3930,所属公司,深圳市通晟电子科技有限公司
3931,所属公司,贵州北科纵横科技有限公司
3932,所属公司,山西中宸晟起网络科技有限公司
3933,所属公司,武汉辉柯医疗科技有限公司
3934,所属公司,河北优枫网络科技有限公司
3935,所属公司,重庆豪庆办公设备有限公司
3936,所属公司,广东绿力网络技术有限公司广州分公司
3937,所属公司,浙江开拓电器股份有限公司
3938,所属公司,广东朗鑫建筑科技有限公司
3939,所属公司,重庆佳友科技有限公司
3940,所属公司,芒果地图（北京）科技有限公司
3941,所属公司,任子行网络技术股份有限公司
3942,所属公司,艾三维（天津）科技有限公司
3943,所属公司,浙江地标设计集团有限公司台州分公司
3944,所属公司,四川美怡达环保科技有限公司
3945,所属公司,广州优建科技服务有限公司
3946,所属公司,成都华企网通科技有限公司
3947,所属公司,湖南琴湘建筑科技有限公司
3948,所属公司,北京认知云科技有限公司
3949,所属公司,远光软件股份有限公司河北分公司
3950,所属公司,西安泓瀚电子信息科技有限公司
3951,所属公司,河北传峰工程技术咨询有限公司
3952,所属公司,界动体旅（张家口）运动场地设施有限公司
3953,所属公司,北京市建壮咨询有限公司安徽分公司
3954,所属公司,大连网医信联科技有限公司
3955,所属公司,福建拓尔通软件有限公司
3956,所属公司,联众智慧科技股份有限公司
3957,所属公司,广西太极华青信息系统有限公司
3958,所属公司,烟台经济技术开发区拜斯汽车音响改装店
3959,所属公司,杭州安庐科技有限公司
3960,所属公司,南京乾华翀电子科技有限公司
3961,所属公司,福建网信安服信息科技有限公司
3962,所属公司,大连明佳科技发展有限公司
3963,所属公司,北京方正建设工程管理有限公司
3964,所属公司,洛阳中科超晋智能装备有限公司
3965,所属公司,大连传霖科技有限公司
3966,所属公司,成都赛恩计算机网络技术有限公司
3967,所属公司,河南蛮蛮云计算技术有限公司
3968,所属公司,睿易教育科技股份有限公司
3969,所属公司,南宁蓝微网络科技有限公司
3970,所属公司,山东安顺制动系统有限公司
3971,所属公司,南昌思创工程技术有限公司
3972,所属公司,镇江远舟工程技术有限公司
3973,所属公司,邯郸物效科技有限公司
3974,所属公司,宁夏嘉博晟安科技有限公司
3975,所属公司,重庆玲鲲科技有限公司
3976,所属公司,上海致煜新机器人科技有限公司
3977,所属公司,北京北大方正电子有限公司
3978,所属公司,北京鸿软科技有限公司
3979,所属公司,内蒙古建设集团股份有限公司
3980,所属公司,漳州市新启航信息科技有限公司
3981,所属公司,宁波维域智能科技有限公司
3982,所属公司,广安旅投工程咨询有限公司
3983,所属公司,嘉兴芯跃电子科技有限公司
3984,所属公司,上海东洛净化科技有限公司
3985,所属公司,冠新软件股份有限公司
3986,所属公司,深圳天奥生态环境有限公司
3987,所属公司,国联（河北）工程咨询有限公司
3988,所属公司,深圳市残友智建有限公司
3989,所属公司,大连提姆家商贸商行
3990,所属公司,秦皇岛三角龙科技有限公司
3991,所属公司,吉林省奥创科技有限公司
3992,所属公司,哈尔滨舜祥科技有限公司
3993,所属公司,浙江昊川数字科技有限公司
3994,所属公司,"
嘉维斯
"
3995,所属公司,银川西软科贸有限公司
3996,所属公司,四川瑞云谷物联网科技有限公司
3997,所属公司,台州小章鱼信息技术有限公司
3998,所属公司,银川西软科贸有限公司
3999,所属公司,太原易锦科技有限公司
4000,所属公司,南京本康软件科技有限责任公司
4001,所属公司,日照汇科信息科技有限公司
4002,所属公司,大同市镜桥科贸有限公司
4003,所属公司,四川瑞云谷物联网科技有限公司
4004,所属公司,台州小章鱼信息技术有限公司
4005,所属公司,重庆新光互动科技有限公司
4006,所属公司,诸暨慧知慧学教育科技有限公司
4007,所属公司,信阳中益信息科技有限公司
4008,所属公司,及时通物流科技（宁波）有限公司
4009,所属公司,漯河拓谷信息技术有限公司
4010,所属公司,安徽东启信息科技有限公司
4011,所属公司,贵州全通云启智信息技术有限公司
4012,所属公司,四川四财云友信息技术有限公司
4013,所属公司,青岛翼速网络有限公司
4014,所属公司,惠州市惠阳区淡水枫茗收款机配套系统店
4015,所属公司,海南千方启辰计算机科技有限公司
4016,所属公司,安阳市锦云网络科技有限责任公司
4017,所属公司,山东微蝶网络科技有限公司
4018,所属公司,沧州市惠友软件有限公司
4019,所属公司,宁波千大数物联网科技有限公司
4020,所属公司,鄂尔多斯市东胜区云捷信息技术有限责任公司
4021,所属公司,益阳市优木全案设计有限公司
4022,所属公司,北京中琴科技发展有限公司
4023,所属公司,湖北华仲软件测评服务有限公司
4024,所属公司,广州云徙科技有限公司
4025,所属公司,淄博益企信息技术有限公司
4026,所属公司,贵州贵昌科技有限公司
4027,所属公司,洛阳凡智电子科技有限公司
4028,所属公司,陕西云软软件有限公司
4029,所属公司,江西牧亚信息科技有限公司
4030,所属公司,邢台叶瑞电子科技有限公司
4031,所属公司,宁夏泽慧教育科技有限公司
4032,所属公司,长沙天码教育科技有限公司
4033,所属公司,湖北和协商用软件有限公司
4034,所属公司,常州孟腾智能装备有限公司
4035,所属公司,巩义市碧帆环保设备有限公司
4036,所属公司,赤壁市万皇智能设备有限公司
4037,所属公司,常州佳恒新能源科技有限公司
4038,所属公司,茂南区远恒计算机经营部
4039,所属公司,四川仲医达医疗科技有限公司
4040,所属公司,沈阳森克斯科技有限公司
4041,所属公司,长春易友时代科技有限公司
4042,所属公司,上海泛微网络科技股份有限公司
4043,所属公司,湛江市蓝卓科技有限公司
4044,所属公司,河北安创网络科技有限公司
4045,所属公司,青海博思网络信息技术有限公司
4046,所属公司,北京中恒永信科技有限公司
4047,所属公司,山东源蛋农牧科技有限公司
4048,所属公司,福州市易喜通网络科技有限公司
4049,所属公司,北京医典健康科技有限公司
4050,所属公司,沈阳东辉天诚科技有限公司
4051,所属公司,保定市晔澜科技发展有限公司
4052,所属公司,南通优友云信息科技有限公司
4053,所属公司,贵州深医科技有限责任公司
4054,所属公司,广东正盈信息科技有限公司
4055,所属公司,厦门数据谷信息科技有限公司
4056,所属公司,浙江云野科技有限公司
4057,所属公司,泸州速易精算建设管理咨询有限公司
4058,所属公司,创业慧康科技股份有限公司
4059,所属公司,湖北宽云网络科技有限公司
4060,所属公司,吉林省金标信息科技有限公司
4061,所属公司,廊坊金睿软件开发有限公司
4062,所属公司,宁波市鄞州蚁拓电子有限公司
4063,所属公司,合肥管家婆软件有限公司
4064,所属公司,千代川（北京）科技有限公司
4065,所属公司,常州长宣光电科技有限公司
4066,所属公司,沈阳市鼎坚安防技术有限公司
4067,所属公司,江西智家科技有限公司
4068,所属公司,浙江嘉科智慧养老服务有限公司
4069,所属公司,珠海金谷棒科技有限公司
4070,所属公司,济宁博昂信息技术有限公司
4071,所属公司,上海轻迅信息科技股份有限公司济南分公司
4072,所属公司,广州市网地软件科技有限公司
4073,所属公司,深圳市楹丰贸易有限公司
4074,所属公司,华勤技术股份有限公司
4075,所属公司,阿克苏星灵慧影信息科技有限公司
4076,所属公司,承德北软科技有限公司
4077,所属公司,哈尔滨派斯内特科技发展有限公司
4078,所属公司,沈阳易卫信软件有限公司
4079,所属公司,广东公信智能会议股份有限公司
4080,所属公司,郑州蓝德电子科技有限公司
4081,所属公司,石家庄捷成世纪信息技术有限公司
4082,所属公司,石家庄简道科技有限公司
4083,所属公司,宜宾市天珑通讯有限公司
4084,所属公司,南昌拼爽爽企业管理有限公司
4085,所属公司,长春市乐为科技有限公司
4086,所属公司,四川群峰科技有限公司
4087,所属公司,爬山虎科技股份有限公司南京分公司
4088,所属公司,江西高超网络服务有限公司
4089,所属公司,洛阳众智软件科技股份有限公司
4090,所属公司,"
同丰
"
4091,所属公司,池州远博软件科技有限公司
4092,所属公司,大连艾姆赛克信息技术有限公司
4093,所属公司,迈隆（西安）电子技术有限公司
4094,所属公司,广东绿力网络技术有限公司
4095,所属公司,安徽大方空调设备有限公司
4096,所属公司,安徽云佳信息科技有限公司
4097,所属公司,秦皇岛市艾特计算机技术开发有限公司
4098,所属公司,浪潮集团有限公司
4099,所属公司,陕西中翠文化传播有限公司
4100,所属公司,河北智数软件有限公司
4101,所属公司,青岛博海网学网络科技有限公司
4102,所属公司,厦门灏韵创科信息技术有限公司
4103,所属公司,数智普洱科技有限公司
4104,所属公司,江苏日创信息科技有限公司
4105,所属公司,北京嘉农在线信息技术有限公司
4106,所属公司,大连尚观锦程科技有限公司
4107,所属公司,厦门抱壹智能科技有限公司
4108,所属公司,南京迦之美信息科技有限公司
4109,所属公司,大连伟信信息科技有限公司
4110,所属公司,西安政通信息技术有限公司
4111,所属公司,西安弛卓电子科技有限公司
4112,所属公司,北京尔希科技有限公司
4113,所属公司,西安合为数字技术有限公司
4114,所属公司,深圳市飞耶软件有限公司
4115,所属公司,福建晨康信息技术有限公司
4116,所属公司,艾恩特（厦门）信息科技有限公司
4117,所属公司,山西云汉文化科技有限公司
4118,所属公司,郑州卡卡罗特软件科技有限公司
4119,所属公司,云南旷视科技有限公司
4120,所属公司,河北力弘新能源科技有限公司
4121,所属公司,东营大头智能科技有限公司
4122,所属公司,成都亿格人居科技有限公司
4123,所属公司,北京科力怡达医疗技术有限公司
4124,所属公司,宁波百通医疗科技有限公司
4125,所属公司,江阴市富卫防静电材料有限公司
4126,所属公司,上饶市创伟科技有限公司
4127,所属公司,北京睿智皓天微电子科技有限公司
4128,所属公司,浙江曼顿科技有限公司
4129,所属公司,宁夏筑云科技有限公司
4130,所属公司,苏州四方消防工程有限公司
4131,所属公司,西安鼎研科技股份有限公司
4132,所属公司,凉山州慕蒽莱信息科技有限公司
4133,所属公司,洛阳铭圣测控科技有限公司
4134,所属公司,"
云软通
"
4135,所属公司,长春万盟科技有限公司
4136,所属公司,江苏金徕光电科技有限公司
4137,所属公司,武汉鑫弘尚技术有限公司
4138,所属公司,湖北美标汽车制冷系统有限公司
4139,所属公司,郑州鲜柚文化传播有限公司
4140,所属公司,武汉普惠海洋光电技术有限公司
4141,所属公司,安徽中能众诚新能源科技有限公司
4142,所属公司,深圳市海洋王电网照明技术有限公司
4143,所属公司,河南金商源计算机网络有限公司
4144,所属公司,山东安科嘉创网络科技有限公司
4145,所属公司,湖南三德科技股份有限公司
4146,所属公司,漳州市旺盛信息技术有限公司
4147,所属公司,昆明朗卓技术咨询有限公司
4148,所属公司,天津滨海新区推动科技有限公司
4149,所属公司,成都慧能信息技术有限公司
4150,所属公司,广州昆德半导体测试技术有限公司
4151,所属公司,杭州云在信息科技有限公司
4152,所属公司,成都京东方光电科技有限公司
4153,所属公司,广东联悦气体有限公司
4154,所属公司,福建鑫三鼎机械有限公司
4155,所属公司,青海天沐时科技有限公司
4156,所属公司,北京利物融通信息技术有限公司
4157,所属公司,四川领创数智科技有限公司
4158,所属公司,青岛极智盛科技工程有限公司
4159,所属公司,山西木子天禾网络科技有限公司
4160,所属公司,美宿酒店管理河北有限公司
4161,所属公司,行信通科技（内蒙古）有限责任公司
4162,所属公司,大连慧视智能科技有限公司
4163,所属公司,湖北辰鑫亿联科技有限公司
4164,所属公司,武汉新致合电气有限公司
4165,所属公司,华数（厦门）信息有限公司
4166,所属公司,河北空分科技发展股份有限公司
4167,所属公司,上海枫花光电科技有限公司
4168,所属公司,江西挺进环保科技股份有限公司
4169,所属公司,芜湖熙诚信息科技有限公司
4170,所属公司,阅动（长治）信息技术有限公司
4171,所属公司,合肥通友时代信息技术有限公司
4172,所属公司,恒银金融科技股份有限公司
4173,所属公司,河北凯略项目管理有限公司
4174,所属公司,深圳市正光飞腾科技有限公司
4175,所属公司,坤昱（山东）健康科技有限公司
4176,所属公司,商丘融启商标代理有限公司
4177,所属公司,石家庄华通创新科技有限公司
4178,所属公司,唐山维思顿智能科技有限公司
4179,所属公司,文华智典（武汉）科技有限公司
4180,所属公司,珠海北望生物科技有限公司
4181,所属公司,浙江博纳智联科技有限公司
4182,所属公司,河北也牛科技有限公司
4183,所属公司,浙江瑞邦建设工程检测有限公司
4184,所属公司,可成科技（宿迁）有限公司
4185,所属公司,深圳毅瑞得电机有限公司
4186,所属公司,思睿合通（天津）医疗器械有限公司
4187,所属公司,成都佳泰永恒科技有限公司
4188,所属公司,昆明君林科技有限公司
4189,所属公司,江西联塑科技实业有限公司
4190,所属公司,黑龙江易商互联科技有限公司
4191,所属公司,武汉通测科技有限公司
4192,所属公司,成都市德科立菁锐光电子技术有限公司
4193,所属公司,黑龙江省亿赢智慧城市项目管理有限公司
4194,所属公司,凯德重工有限公司
4195,所属公司,磐石创新（江苏）电子装备有限公司
4196,所属公司,武汉烽火普天信息技术有限公司
4197,所属公司,新疆智盛未来科技有限公司
4198,所属公司,河南三人鑫信息技术咨询服务有限责任公司
4199,所属公司,北京浩丰创源科技股份有限公司
4200,所属公司,安徽易择知识产权服务有限公司
4201,所属公司,上海捷策创电子科技有限公司
4202,所属公司,山西中宸晟起网络科技有限公司
4203,所属公司,时代秀科技（北京）有限公司
4204,所属公司,湖南鑫长衡智能科技有限公司
4205,所属公司,福建易联众医疗信息系统有限公司
4206,所属公司,江阴市富卫防静电材料有限公司
4207,所属公司,上饶市创伟科技有限公司
4208,所属公司,北京睿智皓天微电子科技有限公司
4209,所属公司,浙江曼顿科技有限公司
4210,所属公司,宁夏筑云科技有限公司
4211,所属公司,苏州四方消防工程有限公司
4212,所属公司,"
信诚
"
4213,所属公司,西安鼎研科技股份有限公司
4214,所属公司,凉山州慕蒽莱信息科技有限公司
4215,所属公司,洛阳铭圣测控科技有限公司
4216,所属公司,"
云软通
"
4217,所属公司,长春万盟科技有限公司
4218,所属公司,江苏金徕光电科技有限公司
4219,所属公司,武汉鑫弘尚技术有限公司
4220,所属公司,湖北美标汽车制冷系统有限公司
4221,所属公司,郑州鲜柚文化传播有限公司
4222,所属公司,武汉普惠海洋光电技术有限公司
4223,所属公司,安徽中能众诚新能源科技有限公司
4224,所属公司,深圳市海洋王电网照明技术有限公司
4225,所属公司,河南金商源计算机网络有限公司
4226,所属公司,山东安科嘉创网络科技有限公司
4227,所属公司,湖南三德科技股份有限公司
4228,所属公司,漳州市旺盛信息技术有限公司
4229,所属公司,昆明朗卓技术咨询有限公司
4230,所属公司,天津滨海新区推动科技有限公司
4231,所属公司,成都慧能信息技术有限公司
4232,所属公司,广州昆德半导体测试技术有限公司
4233,所属公司,杭州云在信息科技有限公司
4234,所属公司,成都京东方光电科技有限公司
4235,所属公司,广东联悦气体有限公司
4236,所属公司,福建鑫三鼎机械有限公司
4237,所属公司,山东快信通电子科技有限公司
4238,所属公司,苏州芯之韵光电科技有限公司
4239,所属公司,湖北远邦信息技术有限公司
4240,所属公司,杭州歌罗丽电梯有限公司
4241,所属公司,成都华软技术工程有限公司
4242,所属公司,山东意和同悦电力工程设计有限公司
4243,所属公司,安庆市万拓科技服务有限公司芜湖分公司
4244,所属公司,江门市泰景玻璃五金厂有限公司
4245,所属公司,"
零壹科技
"
4246,所属公司,上海好医通健康信息咨询有限公司
4247,所属公司,福建弘圣信息技术有限公司
4248,所属公司,杭州江羽通信设计咨询有限公司
4249,所属公司,青岛中登电子科技有限公司
4250,所属公司,陕西帅能能源科技有限公司
4251,所属公司,深圳市昊源建设监理有限公司辽宁分公司
4252,所属公司,嘉兴坦程电子科技有限公司
4253,所属公司,南阳中通智能科技集团有限公司
4254,所属公司,河北合纵电子技术有限公司
4255,所属公司,河南良瑞医疗器械有限公司
4256,所属公司,成都新得利电子有限公司
4257,所属公司,天津市奔富工贸有限责任公司
4258,所属公司,深圳视杰技术发展有限公司
4259,所属公司,青岛雅斯生物科技有限公司
4260,所属公司,重庆亚亮科技股份有限公司
4261,所属公司,深圳市华方信息产业有限公司
4262,所属公司,重庆聚帮商贸有限公司
4263,所属公司,北京骏骐科技有限责任公司
4264,所属公司,河南省大地水泥有限公司
4265,所属公司,闻亚流体科技（上海）有限公司
4266,所属公司,湖北昊中电气有限公司
4267,所属公司,怀化三元科技文化有限公司
4268,所属公司,武汉富瑞康系统工程有限公司
4269,所属公司,湛江市尚蓝环保科技有限公司
4270,所属公司,赫普医疗技术（滨州）有限公司
4271,所属公司,四川明汉工程咨询有限公司
4272,所属公司,深圳市双合电气股份有限公司
4273,所属公司,上海云统信息科技有限公司
4274,所属公司,漳州市回声电子科技有限公司
4275,所属公司,医联网（浙江）技术股份有限公司
4276,所属公司,温州机汇科技有限公司
4277,所属公司,江苏广识电气有限公司
4278,所属公司,河北俏月联筑科技有限公司
4279,所属公司,江西省晋利嘉实业有限责任公司
4280,所属公司,江西科链九维数字科技有限公司
4281,所属公司,沈阳促晋科技有限公司
4282,所属公司,河南东泠电子科技有限公司
4283,所属公司,北京青云网圣科技有限公司
4284,所属公司,山西云之科技有限公司
4285,所属公司,北京北大软件工程股份有限公司
4286,所属公司,哈工（黑龙江）大数据有限公司
4287,所属公司,南阳市一通防爆电气有限公司
4288,所属公司,天津信熙缘科技有限公司
4289,所属公司,重庆凌万顷科技有限公司
4290,所属公司,武汉无线飞翔科技有限公司
4291,所属公司,成都市艾博实业有限公司
4292,所属公司,东莞市诺正电子有限公司
4293,所属公司,艺唯科技股份有限公司
4294,所属公司,洛阳智网网络科技有限公司
4295,所属公司,郑州雀儿山商贸有限公司
4296,所属公司,内蒙古震惶科技有限公司
4297,所属公司,中南兰信（南京）辐射技术研究院有限公司
4298,所属公司,吉林艾格瑞科技有限公司
4299,所属公司,河北恩普医药物流有限公司
4300,所属公司,耀共盈医药连锁（深圳）有限公司
4301,所属公司,深圳市南华西投资发展集团有限公司
4302,所属公司,成都燃烧互娱科技有限公司
4303,所属公司,上海行邦通讯科技有限公司
4304,所属公司,深圳市远恒科技有限公司
4305,所属公司,贵州兴创盛祥科技有限公司
4306,所属公司,山东矩阵软件工程股份有限公司
4307,所属公司,常州中价之星软件技术有限公司
4308,所属公司,连云港九尾教育咨询有限公司
4309,所属公司,湖北天盾电子技术有限公司荆州分公司
4310,所属公司,长沙因特路科技有限公司
4311,所属公司,深圳市悟空教育科技有限公司
4312,所属公司,广西金奔腾汽车科技有限公司
4313,所属公司,江苏优森智能科技有限公司
4314,所属公司,徐州盛世藏品拍卖有限公司
4315,所属公司,奥斯泰克（北京）科技有限公司
4316,所属公司,玖味（台州）信息科技有限公司
4317,所属公司,湖北易行智能科技有限公司
4318,所属公司,青岛北斗陆海科技有限公司
4319,所属公司,天津杰科同创科技发展有限公司
4320,所属公司,恩平市力卡电子有限公司
4321,所属公司,深圳市爱莲科技有限公司
4322,所属公司,熙傲信息科技（天津）有限公司
4323,所属公司,北京诚华视讯科技有限公司
4324,所属公司,湖南巨龙网络技术有限公司
4325,所属公司,青岛美谷弥佳科技有限公司
4326,所属公司,石家庄坚泰科技有限公司
4327,所属公司,东莞市同盛电脑科技有限公司
4328,所属公司,上海稳带电子科技有限公司
4329,所属公司,恒通信达（大连）科技有限公司
4330,所属公司,上海复讯农业科技有限公司
4331,所属公司,南通维视自动化科技有限公司
4332,所属公司,常德易聊网络科技有限公司
4333,所属公司,河南盘古信息技术有限公司
4334,所属公司,成都瀚蓝科技有限公司
4335,所属公司,大连弘达电气股份有限公司
4336,所属公司,深圳市通顺杰科技有限公司
4337,所属公司,深圳市朗信互联科技有限公司
4338,所属公司,青岛鑫隆大通智能科技有限公司
4339,所属公司,成都永奉科技有限公司
4340,所属公司,厦门宝太生物科技股份有限公司
4341,所属公司,河南瀚钦电子科技有限公司
4342,所属公司,东莞原动力软件开发有限公司
4343,所属公司,广州市行沣信息技术有限公司
4344,所属公司,河南晨讯云文化科技有限公司
4345,所属公司,山东联禾信息技术有限公司
4346,所属公司,山东海迅信息技术有限公司
4347,所属公司,深圳市麦信实业有限公司
4348,所属公司,广东顾德智能科技有限公司
4349,所属公司,沈阳博通易信科技有限公司
4350,所属公司,郑州凯普医学检验所（有限合伙）
4351,所属公司,广州心视界网络科技有限公司
4352,所属公司,政舜（厦门）印刷设备有限公司
4353,所属公司,德清微讯网络科技有限公司
4354,所属公司,宁夏泽慧教育科技有限公司
4355,所属公司,浙江蓝台信息技术有限公司
4356,所属公司,陕西中建晨皓建设工程有限公司
4357,所属公司,上海旌尚流体设备有限公司
4358,所属公司,北京人利合科技发展有限公司
4359,所属公司,上海卓与微信息技术有限公司
4360,所属公司,江苏金海星导航科技有限公司
4361,所属公司,上海南洋道客数字科技有限公司
4362,所属公司,南宁市迈越软件有限责任公司
4363,所属公司,万达信息股份有限公司
4364,所属公司,张家口上泰谷宾馆有限公司
4365,所属公司,成都超然祥润科技有限公司
4366,所属公司,上海丙台物联网科技有限公司
4367,所属公司,广州市齐明软件科技有限公司
4368,所属公司,新疆小马聚力信息科技有限公司
4369,所属公司,广州翼象信息科技有限公司
4370,所属公司,北京慧定聚能科技有限公司
4371,所属公司,江苏为远自动化科技有限公司
4372,所属公司,"
南京新智感
"
4373,所属公司,平头哥（济南）信息科技有限公司
4374,所属公司,湖北智政信息科技有限公司
4375,所属公司,临沂市阳光科技有限公司
4376,所属公司,山东华清创新信息技术有限公司
4377,所属公司,广州悦谦科技有限公司
4378,所属公司,杭州鑫泰科技有限公司
4379,所属公司,杭州新利科技有限公司
4380,所属公司,上海开铭智能科技有限公司
4381,所属公司,武汉利德测控技术有限公司
4382,所属公司,东莞市任航电子科技有限公司
4383,所属公司,北京恒河智谷科技有限公司
4384,所属公司,东莞市鑫蝶软件有限公司
4385,所属公司,上海双璨科技合伙企业（有限合伙）
4386,所属公司,江苏清能新能源技术股份有限公司
4387,所属公司,宁波华微睿创科技有限公司
4388,所属公司,成都火眼金睛图像技术有限公司
4389,所属公司,广州市车厘子电子科技有限公司
4390,所属公司,深圳市宁智院汽车智能科技有限公司
4391,所属公司,苏州凯瑞源信息科技有限公司
4392,所属公司,武汉无线飞翔科技有限公司
4393,所属公司,上海音锋机器人股份有限公司
4394,所属公司,南京旭品信息科技有限公司
4395,所属公司,深圳科瑞通贸易有限公司
4396,所属公司,雨润控股集团有限公司
4397,所属公司,广州德捷科技有限公司
4398,所属公司,江苏倢科软件有限公司
4399,所属公司,东莞市诺正电子有限公司
4400,所属公司,艺唯科技股份有限公司
4401,所属公司,广州沃思网络科技有限公司
4402,所属公司,洛阳智网网络科技有限公司
4403,所属公司,源卓微电子技术（上海）有限公司
4404,所属公司,温州太科电子有限公司
4405,所属公司,深圳市芯智科技有限公司
4406,所属公司,苏州创为能源装备有限公司
4407,所属公司,内蒙古震惶科技有限公司
4408,所属公司,深圳市光大激光科技股份有限公司
4409,所属公司,深圳市远控科技有限公司
4410,所属公司,华天科技（西安）投资控股有限公司
4411,所属公司,深圳市兴瑞微科技有限公司
4412,所属公司,深圳市天惠微科技有限公司
4413,所属公司,昆山同日工业自动化有限公司
4414,所属公司,深圳市道元实业有限公司
4415,所属公司,广东省洛仑兹技术股份有限公司
4416,所属公司,江苏亨芯石英科技有限公司
4417,所属公司,上海春蕾信息科技有限公司
4418,所属公司,耀共盈医药连锁（深圳）有限公司
4419,所属公司,武汉嘉游信息科技有限公司
4420,所属公司,贵州卓翔腾跃信息技术有限公司
4421,所属公司,山东欧锐激光科技有限公司
4422,所属公司,深圳市金泰谊电子有限公司
4423,所属公司,杭州威衡科技有限公司
4424,所属公司,中科光智（西安）科技有限公司
4425,所属公司,中山市君创电子科技有限公司
4426,所属公司,江苏纳通能源技术有限公司
4427,所属公司,深圳市保游网络科技有限公司
4428,所属公司,佛山市明诚软件开发有限公司
4429,所属公司,东莞市品万电子科技有限公司
4430,所属公司,深圳市镭神智能系统有限公司
4431,所属公司,上海行邦通讯科技有限公司
4432,所属公司,福建鼎石科技有限公司
4433,所属公司,深圳市南华西投资发展集团有限公司
4434,所属公司,苏州天脉导热科技股份有限公司
4435,所属公司,深圳市远恒科技有限公司
4436,所属公司,贵州兴创盛祥科技有限公司
4437,所属公司,深圳市韦德勋光电科技有限公司
4438,所属公司,松科医疗器械（中山）有限公司
4439,所属公司,盛吉盛半导体技术（上海）有限公司
4440,所属公司,连云港九尾教育咨询有限公司
4441,所属公司,泰康电子有限公司
4442,所属公司,大连理智科技有限公司
4443,所属公司,闯奇信息科技（上海）有限公司
4444,所属公司,南京梓人信息科技有限公司
4445,所属公司,易联科技（深圳）有限公司
4446,所属公司,长沙因特路科技有限公司
4447,所属公司,深圳市悟空教育科技有限公司
4448,所属公司,无锡菲光科技有限公司
4449,所属公司,武汉思创精密激光科技有限公司
4450,所属公司,深圳市百酷新能源有限公司
4451,所属公司,深圳市华曦达科技股份有限公司
4452,所属公司,深圳市汇春科技股份有限公司
4453,所属公司,深圳市韦德勋光电科技有限公司
4454,所属公司,松科医疗器械（中山）有限公司
4455,所属公司,深圳市悟空教育科技有限公司
4456,所属公司,无锡菲光科技有限公司
4457,所属公司,武汉思创精密激光科技有限公司
4458,所属公司,深圳市科信达电子有限公司
4459,所属公司,徐州盛世藏品拍卖有限公司
4460,所属公司,珠海奔图电子有限公司
4461,所属公司,上海隆兴旺电子科技有限公司
4462,所属公司,天津杰科同创科技发展有限公司
4463,所属公司,福州超宏自动化设备有限公司
4464,所属公司,宁波中科莱恩机器人有限公司
4465,所属公司,钜宝（深圳）智能有限公司
4466,所属公司,昆山鸿创智能科技有限公司
4467,所属公司,旭日东智能装备（广东）有限公司
4468,所属公司,南京创智出彩科技有限公司
4469,所属公司,"
聚鑫同创
"
4470,所属公司,东莞市均胜智能科技有限公司
4471,所属公司,深圳市特斯科半导体科技有限公司
4472,所属公司,中科元象（常州）智能装备有限公司
4473,所属公司,深圳市宸杨光电有限公司
4474,所属公司,深圳市复兴伟业技术有限公司
4475,所属公司,东莞市超业精密设备有限公司
4476,所属公司,中山市天键电声有限公司
4477,所属公司,福州千里马科技有限公司
4478,所属公司,青岛美谷弥佳科技有限公司
4479,所属公司,济南维克数字科技有限公司
4480,所属公司,上海蓁康电子有限公司
4481,所属公司,广州万物智联科技有限公司
4482,所属公司,东莞市乐琪光电科技有限公司
4483,所属公司,东莞德尚机械装备有限公司
4484,所属公司,比亚迪股份有限公司
4485,所属公司,深圳中科能投能源有限公司
4486,所属公司,奔腾激光（武汉）有限公司
4487,所属公司,深圳市华科诚科技有限公司
4488,所属公司,青岛北斗陆海科技有限公司
4489,所属公司,东莞市伟创动力科技有限公司
4490,所属公司,恒通信达（大连）科技有限公司
4491,所属公司,深圳飞安瑞科技股份有限公司
4492,所属公司,深圳力和行智能科技有限公司
4493,所属公司,四川敬信智造科技有限公司
4494,所属公司,黑龙江立高科技股份有限公司
4495,所属公司,深圳市众鸿科技股份有限公司
4496,所属公司,熙傲信息科技（天津）有限公司
4497,所属公司,厦门畅博思信息技术有限公司
4498,所属公司,中航工业南航（深圳）测控技术有限公司
4499,所属公司,北京瑞星网安技术股份有限公司
4500,所属公司,深圳市联代科技有限公司
4501,所属公司,深圳市联代科技有限公司
4502,所属公司,江西省金洹医疗器械股份有限公司
4503,所属公司,上海复讯农业科技有限公司
4504,所属公司,北京凯博瑞石油科技有限公司
4505,所属公司,常德易聊网络科技有限公司
4506,所属公司,上海冰街餐饮管理有限公司
4507,所属公司,苏州艾普乐医疗科技有限公司
4508,所属公司,深圳视域科技有限公司
4509,所属公司,华奋达（东莞）科技有限公司
4510,所属公司,苏州瑞泰信息技术有限公司
4511,所属公司,福建北峰通信科技股份有限公司
4512,所属公司,深圳市琢一科技有限公司
4513,所属公司,深圳市华睿智创电子有限公司
4514,所属公司,宁波凯祥智能科技有限公司
4515,所属公司,大连弘达电气股份有限公司
4516,所属公司,科逻技术（深圳）有限公司
4517,所属公司,艾麦斯（深圳）电源科技有限公司
4518,所属公司,无锡智代信息技术有限公司
4519,所属公司,亿臻智能科技（珠海）有限公司
4520,所属公司,深圳市通顺杰科技有限公司
4521,所属公司,成都优奈特科技发展有限公司
4522,所属公司,深圳市其利天下技术开发有限公司
4523,所属公司,吴江市亚安自动化设备科技有限公司
4524,所属公司,金华东讯网络科技有限公司
4525,所属公司,旭辉卓越健康信息科技有限公司
4526,所属公司,苏州韦肯电子科技有限公司
4527,所属公司,广东多尼斯科技有限公司
4528,所属公司,福建科德电子科技有限公司
4529,所属公司,无锡日联科技股份有限公司
4530,所属公司,深圳市华讯隆科技有限公司
4531,所属公司,广州六瑞消防科技有限公司
4532,所属公司,因方科技（无锡）有限公司
4533,所属公司,西安研鹏协创科技有限公司
4534,所属公司,深圳市德力时代科技有限公司
4535,所属公司,广州盛为电子商务有限公司
4536,所属公司,亿达信息技术有限公司
4537,所属公司,广州盛为电子商务有限公司
4538,所属公司,苏州科奥智能科技有限公司
4539,所属公司,山东赛雷思信息技术有限公司
4540,所属公司,河南晨讯云文化科技有限公司
4541,所属公司,西安常通软件技术开发有限公司
4542,所属公司,山东联禾信息技术有限公司
4543,所属公司,山东海迅信息技术有限公司
4544,所属公司,佛山市尚夏网络科技有限公司
4545,所属公司,泉州木三科技有限公司
4546,所属公司,广东顾德智能科技有限公司
4547,所属公司,苏州通商软件科技有限公司
4548,所属公司,郑州凯普医学检验所（有限合伙）
4549,所属公司,广州心视界网络科技有限公司
4550,所属公司,联欣科技投资（广州）有限公司
4551,所属公司,上银科技（中国）有限公司
4552,所属公司,安徽炬视科技有限公司
4553,所属公司,重庆鸣洋警安电器有限公司
4554,所属公司,德森特（深圳）传感系统工程有限公司
4555,所属公司,深圳市群泽智能科技有限公司
4556,所属公司,珠海虹迈智能科技有限公司
4557,所属公司,深圳市驰卡技术有限公司
4558,所属公司,深圳市正方形电子科技有限公司
4559,所属公司,苏州艾瑞科医疗科技有限公司
4560,所属公司,深圳市展嵘电子有限公司
4561,所属公司,深圳市迪沃智能通信有限公司
4562,所属公司,深圳市乙克科技有限公司
4563,所属公司,深圳尚蓝柏科技有限公司
4564,所属公司,上海杰之能软件科技有限公司
4565,所属公司,北京领雁科技股份有限公司
4566,所属公司,深圳市鹏洲通信技术有限公司
4567,所属公司,深圳市福瑞斯健康科技有限公司
4568,所属公司,工汇（广州）企业管理咨询有限公司
4569,所属公司,宁波文钥科技有限公司
4570,所属公司,宁波亿企贸网络科技有限公司
4571,所属公司,上海卓与微信息技术有限公司
4572,所属公司,江苏金海星导航科技有限公司
4573,所属公司,中汇恒升（北京）信息咨询有限公司
4574,所属公司,深圳市晶朋科技有限公司
4575,所属公司,东富龙科技集团股份有限公司
4576,所属公司,济南新天宇汽车电器有限公司
4577,所属公司,大连麦子信息技术有限公司
4578,所属公司,希姆西自动化（南京）有限公司
4579,所属公司,北京新雷能科技股份有限公司
4580,所属公司,电科测控技术（天津）有限公司
4581,所属公司,武汉智菱物联科技有限公司
4582,所属公司,深圳市派安科技有限公司
4583,所属公司,易兆微电子（杭州）股份有限公司
4584,所属公司,深圳芯启航科技有限公司
4585,所属公司,北京九纯健科技发展有限公司
4586,所属公司,昂科信息技术（上海）股份有限公司
4587,所属公司,广东新邦智联科技有限公司
4588,所属公司,深圳市长龙鑫电子有限公司
4589,所属公司,漳州科能人工智能科技有限公司
4590,所属公司,北京超思电子技术有限责任公司
4591,所属公司,珠海创智科技有限公司
4592,所属公司,郑州正方科技有限公司
4593,所属公司,深圳市博孚机电有限公司
4594,所属公司,浙江绍兴和达水务技术股份有限公司
4595,所属公司,成都油管家科技有限公司
4596,所属公司,东莞市酷得智能科技有限公司
4597,所属公司,深圳市芯视听科技有限公司
4598,所属公司,江苏博视源电子科技有限公司
4599,所属公司,南京悦世耀科技有限公司
4600,所属公司,上海致拓数字科技有限公司
4601,所属公司,北京中强创业科技集团有限公司
4602,所属公司,丰疆智能软件科技（南京）有限公司
4603,所属公司,深圳市立诚威电子有限公司
4604,所属公司,深圳市美芯微半导体科技有限公司
4605,所属公司,江苏联康信息股份有限公司
4606,所属公司,深圳市明源云科技有限公司
4607,所属公司,无锡苏民通电子商务有限公司
4608,所属公司,深圳市艾拍科技有限公司
4609,所属公司,广州市安思柏科技有限公司
4610,所属公司,磐石电气（常州）有限公司
4611,所属公司,深圳智赛机器人有限公司
4612,所属公司,上海卓建科技有限公司
4613,所属公司,广州丹霄信息技术有限公司
4614,所属公司,中山市瑞控电子科技有限公司
4615,所属公司,宁波汇五洲智能科技有限公司
4616,所属公司,南京达禧信息技术有限公司
4617,所属公司,"
矽敏科技
"
4618,所属公司,上海力融信息技术有限公司
4619,所属公司,北京中科服科技有限公司
4620,所属公司,深圳市优创亿科技有限公司
4621,所属公司,东莞爱阳动力新能源有限公司
4622,所属公司,武汉际上导航科技有限公司
4623,所属公司,深圳锦弘霖科技有限公司
4624,所属公司,宁波金科磁业有限公司
4625,所属公司,深圳市卓扬光电科技有限公司
4626,所属公司,"
中芯应用
"
4627,所属公司,深圳市富斯科技有限公司
4628,所属公司,苏州博古特智造有限公司
4629,所属公司,东莞市盟拓智能科技有限公司
4630,所属公司,昆山同日工业自动化有限公司
4631,所属公司,苏州鑫信腾科技有限公司
4632,所属公司,深圳市道元实业有限公司
4633,所属公司,深圳市电将军科技有限公司
4634,所属公司,北京宇同科技有限公司
4635,所属公司,广东省洛仑兹技术股份有限公司
4636,所属公司,博泽汽车技术企业管理（中国）有限公司
4637,所属公司,深圳市川祺盛实业有限公司
4638,所属公司,上海精智实业股份有限公司
4639,所属公司,宁波涌友软件有限公司
4640,所属公司,深圳市乾音科技有限公司
4641,所属公司,广东以思创智能科技有限公司
4642,所属公司,深圳市沃感科技有限公司
4643,所属公司,深圳市芯鑫盛科技有限公司
4644,所属公司,东莞德尚机械装备有限公司
4645,所属公司,上海润督光电科技有限公司
4646,所属公司,深圳神拳互动科技有限公司
4647,所属公司,努恩（常州）智能装备有限公司
4648,所属公司,深圳市宁智院汽车智能科技有限公司
4649,所属公司,北京小灯共创科技有限公司
4650,所属公司,苏州市精创测控技术有限公司
4651,所属公司,诚迈科技（南京）股份有限公司
4652,所属公司,深圳市世鑫医疗科技有限公司
4653,所属公司,上海迈波科技有限公司
4654,所属公司,深圳西德瑞科技有限公司
4655,所属公司,深圳市杰芯创电子科技有限公司
4656,所属公司,盈凡电气产品（上海）有限公司
4657,所属公司,武汉智觉空间信息技术有限公司
4658,所属公司,博众精工科技股份有限公司
4659,所属公司,瑞德电子（深圳）有限公司
4660,所属公司,灵动翘睫（深圳）科技有限公司
4661,所属公司,源卓微电子技术（上海）有限公司
4662,所属公司,深圳南方德尔汽车电子有限公司
4663,所属公司,深圳市鹏林电子有限公司
4664,所属公司,苏州圭石科技有限公司
4665,所属公司,苏州市汇邦自动化系统有限公司
4666,所属公司,深圳市拓达通电子有限公司
4667,所属公司,深圳浩宁通科技有限公司
4668,所属公司,珠海锐翔智能科技有限公司
4669,所属公司,上海隆兴旺电子科技有限公司
4670,所属公司,上海循道新能源科技有限公司
4671,所属公司,深圳市杰优管理咨询有限公司
4672,所属公司,深圳市万汇芯源科技有限公司
4673,所属公司,深圳市峰移金谷科技有限公司
4674,所属公司,深圳市众鸿科技股份有限公司
4675,所属公司,深圳市诺泰芯装备有限公司
4676,所属公司,江西美格尔医疗设备有限公司
4677,所属公司,深圳市汉越激光科技有限公司
4678,所属公司,深圳市阳邦电子有限公司
4679,所属公司,西安卓华联盛科技有限公司
4680,所属公司,深圳市耐斯特能源科技有限公司
4681,所属公司,广东保伦电子股份有限公司
4682,所属公司,中城洛邑科技（北京）有限公司
4683,所属公司,上海中觅通信技术有限公司
4684,所属公司,上海航天壹亘智能科技有限公司
4685,所属公司,深圳市纳研科技有限公司
4686,所属公司,飞猫智联（深圳）科技有限公司
4687,所属公司,宁波九纵智能科技有限公司深圳分公司
4688,所属公司,深圳市壹倍科技有限公司
4689,所属公司,维沃移动通信有限公司
4690,所属公司,西安芯瞳半导体技术有限公司
4691,所属公司,上海德岂智能科技有限公司
4692,所属公司,华峰集团有限公司
4693,所属公司,深圳市韦德勋光电科技有限公司
4694,所属公司,赛特威尔电子股份有限公司
4695,所属公司,武汉圆周率软件科技有限公司
4696,所属公司,宁波人财云科技有限公司
4697,所属公司,北京华盛恒辉科技有限公司
4698,所属公司,宇星际（深圳）科技有限公司
4699,所属公司,铁将军汽车电子股份有限公司
4700,所属公司,上海恩阶电子科技有限公司
4701,所属公司,北京顺泰恒达科技有限公司
4702,所属公司,昆山瑞弘测控自动化设备有限公司
4703,所属公司,深圳市锂神新能源有限公司
4704,所属公司,广东爱吉尔机器人科技有限公司
4705,所属公司,常州泰勒维克今创电子有限公司
4706,所属公司,江苏信利电子常州有限公司苏州分公司
4707,所属公司,深圳市科信达电子有限公司
4708,所属公司,无锡菲光科技有限公司
4709,所属公司,深圳市捷诚技术服务有限公司
4710,所属公司,东莞市高保股权投资有限公司
4711,所属公司,上海爱驰亿维汽车销售有限公司
4712,所属公司,广东正业科技股份有限公司
4713,所属公司,深圳市森威尔科技开发股份有限公司
4714,所属公司,广州彩熠灯光股份有限公司
4715,所属公司,天津字节无限科技有限责任公司
4716,所属公司,蜂巢传动科技河北有限公司
4717,所属公司,同致电子科技（昆山）有限公司
4718,所属公司,东莞雅音电子科技有限公司
4719,所属公司,深圳市三旺通信股份有限公司
4720,所属公司,青岛科凯电子研究所有限公司
4721,所属公司,广东新创电源科技有限公司
4722,所属公司,深圳市豪恩声学股份有限公司
4723,所属公司,航天科工系统仿真科技（北京）有限公司
4724,所属公司,贝思特机电（嘉兴）有限公司
4725,所属公司,蓝马舱行智能科技（上海）有限公司
4726,所属公司,深圳市江启科技有限公司
4727,所属公司,聪铭科技（上海）有限公司
4728,所属公司,"
钙果智能科技
"
4729,所属公司,深圳市蓝之洋科技有限公司
4730,所属公司,舵敏智能科技（苏州）有限公司
4731,所属公司,深圳市中科计算机软件技术有限责任公司
4732,所属公司,深圳满天星国际供应链有限公司
4733,所属公司,上海宽域工业网络设备有限公司
4734,所属公司,西安芯瞳半导体技术有限公司
4735,所属公司,北京瑞星网安技术股份有限公司
4736,所属公司,深圳市九猫电器有限公司
4737,所属公司,深圳市峰移金谷科技有限公司
4738,所属公司,深圳市众鸿科技股份有限公司
4739,所属公司,深圳市诺泰芯装备有限公司
4740,所属公司,江西美格尔医疗设备有限公司
4741,所属公司,深圳市韦德勋光电科技有限公司
4742,所属公司,赛特威尔电子股份有限公司
4743,所属公司,深圳市耐斯特能源科技有限公司
4744,所属公司,广东保伦电子股份有限公司
4745,所属公司,中城洛邑科技（北京）有限公司
4746,所属公司,上海中觅通信技术有限公司
4747,所属公司,上海航天壹亘智能科技有限公司
4748,所属公司,深圳市纳研科技有限公司
4749,所属公司,武汉圆周率软件科技有限公司
4750,所属公司,北京华盛恒辉科技有限公司
4751,所属公司,宇星际（深圳）科技有限公司
4752,所属公司,铁将军汽车电子股份有限公司
4753,所属公司,上海恩阶电子科技有限公司
4754,所属公司,上海海橘信息科技有限公司
4755,所属公司,深圳市科信达电子有限公司
4756,所属公司,无锡菲光科技有限公司
4757,所属公司,深圳市捷诚技术服务有限公司
4758,所属公司,东莞市高保股权投资有限公司
4759,所属公司,上海新点生物科技有限公司
4760,所属公司,上海伟世通汽车电子系统有限公司武汉分公司
4761,所属公司,深圳市禾协科技有限公司
4762,所属公司,未耒智能（深圳）有限公司
4763,所属公司,上海铂星科技有限公司
4764,所属公司,深圳市迪太科技有限公司
4765,所属公司,长园半导体设备（珠海）有限公司苏州分公司
4766,所属公司,深圳市聚铂鑫科技有限公司
4767,所属公司,深圳市递四方速递有限公司
4768,所属公司,深圳力和行智能科技有限公司
4769,所属公司,广州慧翼智能科技有限公司
4770,所属公司,广州市车厘子电子科技有限公司
4771,所属公司,深圳前海亘高实业有限公司
4772,所属公司,浙江金来奥光电科技有限公司
4773,所属公司,停巴技术（集团）有限公司
4774,所属公司,"
赛能电池
"
4775,所属公司,深圳陆巡科技有限公司
4776,所属公司,上海统创电子科技有限公司
4777,所属公司,苏州贝耀精密机械有限公司
4778,所属公司,深圳市铖镒顺科技有限公司
4779,所属公司,北京博奥时代科技有限公司
4780,所属公司,江苏创源电子有限公司
4781,所属公司,深圳市给力能源科技有限公司
4782,所属公司,中科先为激光科技（北京）有限公司
4783,所属公司,深圳市新博电科技开发有限公司
4784,所属公司,深圳市吉方工控有限公司
4785,所属公司,上海追势科技有限公司
4786,所属公司,广东秦泰盛智能化科技有限公司
4787,所属公司,东莞市二方电子科技有限公司
4788,所属公司,上海热像科技股份有限公司
4789,所属公司,上海慧敏医疗器械有限公司
4790,所属公司,艾麦斯（深圳）电源科技有限公司
4791,所属公司,江苏大艺科技股份有限公司
4792,所属公司,上海大界机器人科技有限公司
4793,所属公司,深圳市芬能自动化设备有限公司
4794,所属公司,湖南艾博特机器人技术有限公司
4795,所属公司,上海浅素实业有限公司
4796,所属公司,广东华升纳米科技股份有限公司
4797,所属公司,深圳久硕科技有限公司
4798,所属公司,江苏大艺科技股份有限公司
4799,所属公司,超技工业（广东）股份有限公司
4800,所属公司,深圳市通文达电子有限公司
4801,所属公司,深圳德技创新实业有限公司
4802,所属公司,深圳市光导科技有限公司
4803,所属公司,深圳欧陆通电子股份有限公司
4804,所属公司,浙江禾川科技股份有限公司
4805,所属公司,深圳市鑫启创科电子科技有限公司
4806,所属公司,"
中集物联
"
4807,所属公司,广州飞歌汽车音响有限公司
4808,所属公司,深圳市其利天下技术开发有限公司
4809,所属公司,博彦科技股份有限公司
4810,所属公司,深圳市元宇世纪智能科技有限公司
4811,所属公司,深圳市汇腾电气技术有限公司
4812,所属公司,南京腾亚精工科技股份有限公司
4813,所属公司,东声（苏州）智能科技有限公司
4814,所属公司,元宇宙（大连）企业信息服务有限公司
4815,所属公司,富智康精密组件（北京）有限公司
4816,所属公司,深圳市清音拓科技有限公司
4817,所属公司,广州视享科技有限公司
4818,所属公司,深圳市润点创新科技有限公司
4819,所属公司,成都冰蓝科技有限公司
4820,所属公司,东莞市爱吉尔智能科技合伙企业（有限合伙）
4821,所属公司,深圳市鹰飞科技开发有限公司
4822,所属公司,广州培森信息科技有限公司
4823,所属公司,北京激动互娱网络科技有限公司
4824,所属公司,苏州市华研长荣电子科技有限公司
4825,所属公司,武汉光昱明晟智能科技有限公司
4826,所属公司,昆山龙雨智能科技有限公司
4827,所属公司,深圳腾视科技有限公司
4828,所属公司,大连青果科技有限公司
4829,所属公司,浙江奥思伟尔电动科技有限公司
4830,所属公司,广东粤港澳大湾区国家纳米科技创新研究院
4831,所属公司,深圳市华讯隆科技有限公司
4832,所属公司,珠海创智科技有限公司
4833,所属公司,深圳市维谱科技有限公司
4834,所属公司,深圳八方汇企业管理咨询有限公司
4835,所属公司,宁波福尔达智能科技股份有限公司
4836,所属公司,"
蓝丹智能
"
4837,所属公司,北京可以科技有限公司
4838,所属公司,上海科络达云软件技术有限公司
4839,所属公司,深圳市腾盛精密装备股份有限公司
4840,所属公司,深圳市遥尔泰科技发展有限公司
4841,所属公司,深圳市比佰特科技有限公司
4842,所属公司,厦门劲博汇科技有限公司
4843,所属公司,中科创达软件股份有限公司
4844,所属公司,深圳市鼎合丰科技有限公司
4845,所属公司,深圳市鹏明达企业管理咨询有限公司
4846,所属公司,北京安帝科技有限公司
4847,所属公司,上海瓶钵信息科技有限公司
4848,所属公司,深圳唯特医疗有限公司
4849,所属公司,上海世禹精密设备股份有限公司
4850,所属公司,上海昶火微电子科技有限公司
4851,所属公司,深圳市诺方舟电子有限公司
4852,所属公司,润辉（福建）投资有限公司
4853,所属公司,北京全景多媒体信息系统公司
4854,所属公司,北京银景科技有限公司
4855,所属公司,上海爱圣美科技有限公司
4856,所属公司,公诚管理咨询有限公司
4857,所属公司,长春建工勘测规划设计有限公司江西分公司
4858,所属公司,十堰市五扬工程技术咨询有限公司
4859,所属公司,杭州朗歌科技有限公司
4860,所属公司,特斯拉汽车（北京）有限公司
4861,所属公司,上海申芯美集成电路有限公司
4862,所属公司,北京优酷科技有限公司
4863,所属公司,上海识装信息科技有限公司
4864,所属公司,广州市亿汇五金电子有限公司
4865,所属公司,四川紫瑞达科技有限公司
4866,所属公司,四川浩丰机电安装工程有限公司
4867,所属公司,杭州时划科技有限公司
4868,所属公司,腾讯科技（深圳）有限公司
4869,所属公司,上海致锋汽车科技有限公司
4870,所属公司,广州雍圆信息技术有限公司
4871,所属公司,台铃科技（江苏）股份有限公司
4872,所属公司,上海威缶电子科技有限公司
4873,所属公司,光线云（杭州）科技有限公司
4874,所属公司,上海芯赛云计算科技有限公司
4875,所属公司,北京盈迪曼德科技有限公司
4876,所属公司,深圳前海微众银行股份有限公司
4877,所属公司,深圳麦格米特电气股份有限公司
4878,所属公司,南昌速涤清洁服务有限公司
4879,所属公司,东莞市石碣泰康再生资源回收经营部
4880,所属公司,梦想元时代科技（北京）有限公司
4881,所属公司,中至数据集团股份有限公司
4882,所属公司,北京循环智能科技有限公司
4883,所属公司,深圳市壹骑科技有限公司
4884,所属公司,吉林省发忠排渗水有限公司
4885,所属公司,华视信诚（北京）文化传媒有限公司
4886,所属公司,北京信银智达科技有限公司
4887,所属公司,北京创优天地网络科技有限公司
4888,所属公司,南京安达峰软件有限公司
4889,所属公司,跨越速运集团有限公司
4890,所属公司,大连慧习教育科技有限公司
4891,所属公司,阿里巴巴（中国）软件有限公司
4892,所属公司,中商汇企（北京）技术有限公司
4893,所属公司,如怡（天津）网络科技有限公司
4894,所属公司,内蒙古通途商务科技发展有限公司
4895,所属公司,海南三维悦和时代信息科技有限公司
4896,所属公司,微言知助（重庆）科技有限公司
4897,所属公司,益盟股份有限公司
4898,所属公司,上海小伴网络科技有限公司
4899,所属公司,深圳市国超科技有限公司
4900,所属公司,广州好定网络技术有限公司
4901,所属公司,蚂蚁智信（杭州）信息技术有限公司
4902,所属公司,北京小马达达科技有限公司
4903,所属公司,河北沃译科技发展有限公司
4904,所属公司,新疆宣东能源有限公司
4905,所属公司,广西崇高电子科技有限公司
4906,所属公司,惠州市隆合科技有限公司
4907,所属公司,山东优亚车业有限公司
4908,所属公司,新疆中艺联艺术教育研究院
4909,所属公司,潍坊悠玥金属制品有限公司
4910,所属公司,南宁创捷汇川科技有限公司
4911,所属公司,"
安力川
"
4912,所属公司,瓦戈技术（深圳）有限公司
4913,所属公司,新疆尚速工程项目管理有限公司
4914,所属公司,上海友塔网络科技有限公司
4915,所属公司,贵州迈卓自动化设备有限公司
4916,所属公司,郑州悦众信息技术有限公司
4917,所属公司,大连易联科信息技术有限公司
4918,所属公司,长城汽车股份有限公司
4919,所属公司,北京字跳网络技术有限公司
4920,所属公司,济源市新富中置业有限公司
4921,所属公司,广东省洛仑兹技术股份有限公司
4922,所属公司,苏州陇上行企业管理有限公司
4923,所属公司,青岛星跃铁塔有限公司
4924,所属公司,甘肃博商信息科技服务有限公司
4925,所属公司,中国联合网络通信有限公司宜春市分公司袁州区经营部
4926,所属公司,嘉兴大麦电气有限公司
4927,所属公司,陕西华特信科技有限公司
4928,所属公司,广东省智能科学与技术研究院
4929,所属公司,赛达医疗器械（上海）有限公司
4930,所属公司,深圳市莱克生物科技有限公司
4931,所属公司,长沙壹众互联网科技有限公司
4932,所属公司,青岛大千虹业实业集团有限公司
4933,所属公司,掌阅科技股份有限公司
4934,所属公司,深圳奎蛇软件科技有限公司
4935,所属公司,中科三合（福建）环保科技有限公司
4936,所属公司,无锡市金沙田科技有限公司
4937,所属公司,山东科创电力科技有限公司
4938,所属公司,嵊州市圣方电器科技有限公司
4939,所属公司,上海一快多网络科技有限公司
4940,所属公司,天安绿能科技（惠州）有限公司
4941,所属公司,山东奥格信息技术有限公司
4942,所属公司,江西中大工程造价咨询有限公司
4943,所属公司,潍坊海贸散热器有限公司
4944,所属公司,河北储翔建设工程有限公司
4945,所属公司,南昌欧菲信息产业有限公司
4946,所属公司,深圳市启梦人科技有限公司
4947,所属公司,深圳市鸿达空间结构设计有限公司
4948,所属公司,浙江方安消防有限公司
4949,所属公司,北京高德云图科技有限公司
4950,所属公司,安徽登王化工有限公司
4951,所属公司,"
深圳华为技术有限...
"
4952,所属公司,卓越工坊（北京）科技有限公司
4953,所属公司,舒华体育股份有限公司
4954,所属公司,八环科技集团股份有限公司
4955,所属公司,北京今日头条科技有限公司
4956,所属公司,河南鑫诚能源有限公司
4957,所属公司,青海鼎晟环保建设有限公司
4958,所属公司,北京逍遥一下科技有限公司
4959,所属公司,湖南宏晟环保技术研究院有限公司
4960,所属公司,湖北天瑞塑料模具有限公司
4961,所属公司,河南省亚安电力科技有限公司
4962,所属公司,上海熔晟信息技术有限公司
4963,所属公司,合肥创唯信息技术服务有限公司
4964,所属公司,深圳市华诚时代文化传播有限公司
4965,所属公司,广东中测标准技术有限公司
4966,所属公司,北京琥珀创想科技有限公司
4967,所属公司,戎码科技（北京）有限公司
4968,所属公司,北京畅聊天下科技股份有限公司
4969,所属公司,上海鹰角网络科技有限公司
4970,所属公司,北京和园创新科技有限公司
4971,所属公司,北京齐乐无穷文化科技有限公司
4972,所属公司,"
阿斗加速
"
4973,所属公司,福建树叶网络科技有限公司
4974,所属公司,江苏威融能源有限公司
4975,所属公司,康辉南通新材料科技有限公司
4976,所属公司,武汉博爵教育科技有限公司
4977,所属公司,苏州市龙德信息技术咨询有限公司
4978,所属公司,北京默契破冰科技有限公司
4979,所属公司,北京琥珀创想科技有限公司
4980,所属公司,上海纯氧互娱科技有限公司
4981,所属公司,深圳市启梦人科技有限公司
4982,所属公司,深圳市鸿达空间结构设计有限公司
4983,所属公司,浙江方安消防有限公司
4984,所属公司,上海望豆福网络科技有限公司
4985,所属公司,北京分愿帽科技有限公司
4986,所属公司,四川厨源不锈钢设备有限公司
4987,所属公司,安克创新科技股份有限公司
4988,所属公司,重庆图邦建筑工程咨询有限公司
4989,所属公司,哈尔滨亚特木材干燥设备制造有限公司
4990,所属公司,深圳市波斯圈信息技术服务有限公司
4991,所属公司,八环科技集团股份有限公司
4992,所属公司,河南品界科技有限公司
4993,所属公司,腾讯科技（上海）有限公司
4994,所属公司,海南娜歌科技有限公司
4995,所属公司,福建德本建设工程有限公司
4996,所属公司,珠海横琴国开投资有限公司
4997,所属公司,北京太一云技术股份有限公司
4998,所属公司,深圳市腾讯计算机系统有限公司
4999,所属公司,广州品艺信息科技有限公司
5000,所属公司,南宁星瀚网络科技有限公司
5001,所属公司,深圳市引客网络科技有限公司
5002,所属公司,长沙县星沙谦汐市场营销策划服务部
5003,所属公司,今日要点（北京）网络科技有限公司
5004,所属公司,山东贝赛信息科技有限公司
5005,所属公司,博文德能源集团有限公司
5006,所属公司,北京国策智库信息技术研究院
5007,所属公司,趣品（北京）电子商务股份有限公司
5008,所属公司,武汉云轩科技有限公司
5009,所属公司,深圳市图派科技有限公司
5010,所属公司,武汉云创未来科技有限公司
5011,所属公司,江苏四维智能科技有限公司
5012,所属公司,北京鑫盈信息咨询有限公司
5013,所属公司,湖南京临轩餐饮管理有限公司
5014,所属公司,有米科技股份有限公司
5015,所属公司,云南凯易法律咨询服务有限公司
5016,所属公司,上海哈啰普惠科技有限公司
5017,所属公司,武汉中云康崇科技有限公司
5018,所属公司,易虎网科技（集团）有限公司
5019,所属公司,北京企课信息技术有限公司
5020,所属公司,内蒙古五朵梅文化影视艺术传播有限公司
5021,所属公司,深圳摩创科技有限公司
5022,所属公司,广州草本世家生物科技有限公司
5023,所属公司,"
巨航律所
"
5024,所属公司,良策顺为（广东）产业投资有限公司
5025,所属公司,贵阳云裳音悦餐饮管理有限责任公司
5026,所属公司,衡阳市王中王家居集团有限公司
5027,所属公司,鸥铂国际教育控股（辽宁）集团有限公司
5028,所属公司,厦门市房加一信息科技有限公司
5029,所属公司,四平市潮车时代网络科技有限公司
5030,所属公司,北京助银信息咨询有限公司
5031,所属公司,哈尔滨双坚科技有限公司
5032,所属公司,怒帮（广州）科技有限公司
5033,所属公司,睿钦（上海）投资管理有限公司
5034,所属公司,深圳福融盛信息咨询有限公司
5035,所属公司,广州如火信息科技有限公司
5036,所属公司,珠海今日要点网络科技有限公司
5037,所属公司,贵州云曼美业服务有限公司
5038,所属公司,浙江齐聚科技有限公司北京分公司
5039,所属公司,"
牧禾农产品有限公司
"
5040,所属公司,北京白龙马云行科技有限公司
5041,所属公司,物泊科技有限公司
5042,所属公司,北京雪云锐创科技有限公司
5043,所属公司,佳木斯小满网络科技有限公司
5044,所属公司,麒麟合盛网络技术股份有限公司
5045,所属公司,上海序言泽网络科技有限公司
5046,所属公司,北京真信网科技集团有限公司
5047,所属公司,北京好食科技有限公司
5048,所属公司,南京芮志坤远信息科技有限公司
5049,所属公司,深圳市来赞达软件科技有限公司
5050,所属公司,北京铨能科技有限公司
5051,所属公司,上海领大软件有限公司
5052,所属公司,杭州抖播掌柜网络科技有限公司
5053,所属公司,厦门薪薪动力数字科技有限公司
5054,所属公司,上海守安信息科技有限公司
5055,所属公司,北京智铖创新科技有限公司
5056,所属公司,厦门金玉晟电子商务有限公司
5057,所属公司,杭州光云科技股份有限公司
5058,所属公司,海南满分教育培训中心有限公司
5059,所属公司,杭州阿依舍健康科技有限公司
5060,所属公司,麦吉太文（北京）科技有限公司
5061,所属公司,北京未来智安科技有限公司
5062,所属公司,上海泛微网络科技股份有限公司
5063,所属公司,马士兵（北京）教育科技有限公司
5064,所属公司,广东联媒互联网有限公司
5065,所属公司,深圳高飞易成车生活文化有限公司
5066,所属公司,山西鲁班工程项目管理有限公司
5067,所属公司,阿里巴巴（中国）有限公司
5068,所属公司,徐州领君自动化设备有限公司
5069,所属公司,广州市松本电子科技有限公司
5070,所属公司,广州聚焦网络技术有限公司
5071,所属公司,陕西铧丰凯达石油技术服务有限责任公司
5072,所属公司,广东华林工程咨询有限公司
5073,所属公司,辽宁省煜达建筑工程有限公司
5074,所属公司,山西鑫赫亿家智能科技有限公司
5075,所属公司,深圳用友力合普惠信息服务有限公司
5076,所属公司,河北方旭环保科技有限公司
5077,所属公司,耀华建设管理有限公司衢州分公司
5078,所属公司,优三缔科技（上海）有限公司
5079,所属公司,苏州苏勃检测技术服务有限公司
5080,所属公司,上海韦拿商务信息咨询有限公司
5081,所属公司,阿里巴巴（中国）网络技术有限公司
5082,所属公司,四川司迈特智能科技有限公司
5083,所属公司,新疆炬慧天成网络科技服务有限公司
5084,所属公司,青岛弯弓信息技术有限公司
5085,所属公司,鞍山市新泰科自动化设备有限公司
5086,所属公司,安徽同湃特机器人科技有限公司
5087,所属公司,光拓智能科技（大连）有限公司
5088,所属公司,摩尔线程智能科技（北京）有限责任公司
5089,所属公司,四川众科达科技有限公司
5090,所属公司,比亚迪精密制造有限公司上海分公司
5091,所属公司,杭州迪普科技股份有限公司
5092,所属公司,抚州致晶自动化设备有限公司
5093,所属公司,绍兴市众信安医疗器械科技有限公司
5094,所属公司,比亚迪汽车工业有限公司
5095,所属公司,"
几禾智能科技
"
5096,所属公司,中航太克（厦门）电力技术股份有限公司
5097,所属公司,江苏风和医疗器材股份有限公司苏州分公司
5098,所属公司,上海中车瑞伯德智能系统股份有限公司
5099,所属公司,珠海市芯动力科技有限公司
5100,所属公司,华为技术有限公司南京研究所
5101,所属公司,山东省青东智能科技有限公司
5102,所属公司,龙腾视觉（北京）科技有限公司
5103,所属公司,深圳晶华显示电子股份有限公司
5104,所属公司,鞍山众赢电子科技有限公司
5105,所属公司,中易云（北京）物联网科技有限责任公司
5106,所属公司,哈尔滨顺茂科技开发有限公司
5107,所属公司,成都瑞视恒基通信技术有限公司
5108,所属公司,河南君道体育发展有限公司
5109,所属公司,华为数字技术（苏州）有限公司
5110,所属公司,上海资汇信息科技有限公司
5111,所属公司,诺基亚通信系统技术（北京）有限公司
5112,所属公司,沈阳慧瑞咨询管理有限公司
5113,所属公司,绵阳信元达科技有限公司
5114,所属公司,赛力斯集团股份有限公司
5115,所属公司,广州轻微信息科技有限公司
5116,所属公司,成都大猿人网络科技有限公司
5117,所属公司,上海诺之嘉医疗器械有限公司
5118,所属公司,四川转捩点科技有限公司
5119,所属公司,上海联影医疗科技股份有限公司
5120,所属公司,北京小米移动软件有限公司
5121,所属公司,上海乾钦物联网科技发展有限公司
5122,所属公司,深研人工智能技术（深圳）有限公司
5123,所属公司,盐城锦腾网络科技有限公司
5124,所属公司,湖南盛鼎科技发展有限责任公司
5125,所属公司,广东优翼航空技术有限公司
5126,所属公司,中科智杰科技发展（北京）有限公司
5127,所属公司,北京九维数安科技有限公司
5128,所属公司,苏州镭智传感科技有限公司
5129,所属公司,上海嘉罗信息科技有限公司
5130,所属公司,富泰华工业（深圳）有限公司
5131,所属公司,天健企业咨询有限公司大连分公司
5132,所属公司,北京波尔通信技术股份有限公司
5133,所属公司,运城市锐创电子科技有限公司
5134,所属公司,大连九州创智科技有限公司
5135,所属公司,广东花城金价科技有限公司
5136,所属公司,浙江祉数科技有限公司杭州分公司
5137,所属公司,上海晶诚信息科技有限公司
5138,所属公司,吉林省津瑞科技有限公司
5139,所属公司,浙江点创信息科技有限公司
5140,所属公司,兰州西云图信息技术有限公司
5141,所属公司,艾谱仕（天津）企业管理咨询有限公司
5142,所属公司,泉州市动壹智能科技有限公司
5143,所属公司,北京百微蓝电子技术有限公司
5144,所属公司,大连龙田科技有限公司
5145,所属公司,成都瑞石软件有限公司
5146,所属公司,深圳市小铭工业互联网有限公司
5147,所属公司,珠海汇流信息技术有限公司
5148,所属公司,浙江毅星科技有限公司
5149,所属公司,锐捷网络股份有限公司
5150,所属公司,武汉慧因数据科技有限公司
5151,所属公司,北京枫桦广告有限公司
5152,所属公司,山西云芯科技有限公司
5153,所属公司,广州隆积士信息科技有限公司
5154,所属公司,杭州飓卓科技有限公司
5155,所属公司,栩迅广告（广州）有限公司
5156,所属公司,重庆火烈鸟网络科技有限公司
5157,所属公司,天津中利特自动化设备科技有限公司
5158,所属公司,北京华宇天翔科技发展有限公司
5159,所属公司,北京京华天勤科贸有限公司
5160,所属公司,曙光信息产业（北京）有限公司
5161,所属公司,江苏爱克赛实业有限公司
5162,所属公司,上海阿法钛医疗器械有限公司
5163,所属公司,北京金盾麟瑞通信科技有限公司
5164,所属公司,江苏天诚智能集团有限公司
5165,所属公司,浙江迅路信息科技有限公司
5166,所属公司,唐山启奥科技股份有限公司
5167,所属公司,贵州友道财税管理有限公司
5168,所属公司,南宁市迈越软件有限责任公司
5169,所属公司,广东智联蔚来科技有限公司
5170,所属公司,北京京东尚科信息技术有限公司
5171,所属公司,北京木牛领航科技有限公司
5172,所属公司,西安实尔通智能科技有限公司
5173,所属公司,北京直真科技股份有限公司
5174,所属公司,广州澳盾智能科技有限公司
5175,所属公司,智森工程技术（集团）有限公司
5176,所属公司,昆明外星人互联网技术有限公司
5177,所属公司,河北优巴软件科技有限公司
5178,所属公司,宁夏博强智能科技有限公司
5179,所属公司,山西若恩科技有限公司
5180,所属公司,大连医汇科技有限公司
5181,所属公司,福建网龙计算机网络信息技术有限公司
5182,所属公司,雷博智能机器人（浙江绍兴）有限责任公司
5183,所属公司,长沙浩微信息科技有限公司
5184,所属公司,连城县苟嘉俊网络工作室
5185,所属公司,上海篆言信息科技有限公司
5186,所属公司,阿里巴巴（中国）有限公司
5187,所属公司,上海拓者软件科技有限公司
5188,所属公司,北京致远互联软件股份有限公司
5189,所属公司,互联极简网络科技成都有限公司
5190,所属公司,苏州视印智能系统有限公司
5191,所属公司,长春启璞科技信息咨询有限公司
5192,所属公司,南京第三极区块链科技有限公司
5193,所属公司,北京畅哲科技有限公司
5194,所属公司,内蒙古凌动信息科技有限公司
5195,所属公司,重庆乒乓科技有限公司
5196,所属公司,以鼎（北京）科技有限公司
5197,所属公司,星船股权投资基金管理（上海）有限公司
5198,所属公司,大连三月科技有限公司
5199,所属公司,长春小闻科技有限公司
5200,所属公司,河南元丰科技网络股份有限公司
5201,所属公司,亚信科技（中国）有限公司
5202,所属公司,广西数知语网络科技有限公司
5203,所属公司,星船股权投资基金管理（上海）有限公司
5204,所属公司,湖南伊步网络科技有限公司
5205,所属公司,招银理财有限责任公司
5206,所属公司,湖南金特尔信息技术有限公司
5207,所属公司,常州智改数转管理咨询有限公司
5208,所属公司,四川博世科技信息产业有限公司
5209,所属公司,武汉简讯科技有限公司
5210,所属公司,湖南智多星软件有限公司
5211,所属公司,南威软件股份有限公司
5212,所属公司,宁夏恒力祥自控工程科技服务有限公司
5213,所属公司,杭州依萨卡信息科技有限公司
5214,所属公司,南京熙岳智能科技有限公司
5215,所属公司,长威信息科技发展股份有限公司
5216,所属公司,北京嘀嘀无限科技发展有限公司
5217,所属公司,OPPO广东移动通信有限公司
5218,所属公司,梅特勒－托利多仪器（上海）有限公司
5219,所属公司,揭阳市创道科技有限公司
5220,所属公司,上海漾淼实业有限公司
5221,所属公司,"
伯山羽科技
"
5222,所属公司,深圳华象云图科技有限责任公司
5223,所属公司,北京智源视界科技有限公司
5224,所属公司,广州吉仕移动科技股份有限公司
5225,所属公司,重庆滨富科技有限公司
5226,所属公司,唐山向往科技有限公司
5227,所属公司,乐山智慧城市科技有限公司
5228,所属公司,山西迈克芬科技有限公司
5229,所属公司,辽宁长信合惠科技发展有限公司
5230,所属公司,四川智胜新蓝信息技术有限公司
5231,所属公司,深圳市灏哲网络科技有限公司
5232,所属公司,浙江正泰网络技术有限公司
5233,所属公司,希柯普尔利斯（中国）环保设备有限公司
5234,所属公司,水木源华电气有限公司
5235,所属公司,鞍山星悦智能工业科技有限公司
5236,所属公司,沈阳百事得净化设备有限公司
5237,所属公司,南京普天通信股份有限公司
5238,所属公司,哈尔滨百利达环保工程技术有限公司
5239,所属公司,卓展工程顾问（广州）有限公司
5240,所属公司,捷和电机制品（深圳）有限公司
5241,所属公司,波粒（北京）光电科技有限公司
5242,所属公司,中建材环保研究院（江苏）有限公司
5243,所属公司,北京智米科技有限公司
5244,所属公司,云南蓝脉科技有限责任公司
5245,所属公司,湖北奥米德机器人有限公司
5246,所属公司,内江市海纳科技有限公司
5247,所属公司,联储证券有限责任公司
5248,所属公司,山东铝谷数据科技有限公司
5249,所属公司,沈阳金生矿业咨询有限公司
5250,所属公司,天津市晋瑞思科技发展有限公司
5251,所属公司,北京鑫宇未来测控科技有限责任公司
5252,所属公司,锦州奥和汽车电器有限公司
5253,所属公司,徐州正恒化工科技有限公司
5254,所属公司,汉威科技集团股份有限公司
5255,所属公司,深圳市艾利凯科技有限公司
5256,所属公司,陕西峰智毅强信息科技有限公司
5257,所属公司,上海异顶智能科技有限公司
5258,所属公司,北京三联虹普新合纤技术服务股份有限公司
5259,所属公司,郑州创飞电子科技有限公司
5260,所属公司,苏州正罡互感器有限公司
5261,所属公司,鞍山市恒通自动化有限公司
5262,所属公司,广州黑格智造信息科技有限公司
5263,所属公司,苏州工业园区明益电器有限公司
5264,所属公司,上海海典软件股份有限公司沈阳分公司
5265,所属公司,美照（上海）节能科技有限公司
5266,所属公司,北京昊图科技有限公司
5267,所属公司,上海安奕极企业发展股份有限公司
5268,所属公司,中安网脉（北京）技术股份有限公司
5269,所属公司,沈阳时创计算机工程技术有限公司
5270,所属公司,辽宁盛凯传动设备有限公司
5271,所属公司,唐山向往科技有限公司
5272,所属公司,无锡东方宏泰工程技术有限公司
5273,所属公司,浙江臻善科技股份有限公司山东分公司
5274,所属公司,北京飞数科技有限公司
5275,所属公司,大连泰凯工业有限公司
5276,所属公司,杭州华为企业通信技术有限公司
5277,所属公司,普天智慧城市投资江苏有限公司
5278,所属公司,奥格科技股份有限公司
5279,所属公司,巴斯夫（中国）有限公司
5280,所属公司,广东艾迪神电力科技有限公司
5281,所属公司,上海云慧境信息科技有限公司
5282,所属公司,山东海力德生物科技有限公司
5283,所属公司,美丽蓓菲（广州）化妆品有限公司
5284,所属公司,北京帝测科技股份有限公司
5285,所属公司,北京华夏锦泉技术开发有限公司
5286,所属公司,开封开创测控技术有限公司
5287,所属公司,北京国华世纪电子科技有限公司
5288,所属公司,易方信息科技股份有限公司
5289,所属公司,广东华志高科技术有限公司
5290,所属公司,云南田丰建设工程有限公司
5291,所属公司,大连海工工程咨询有限公司
5292,所属公司,长春彼得恩自动化系统工程有限公司
5293,所属公司,鑫电润科电力建设工程有限公司
5294,所属公司,沈阳松田自动化设备有限公司
5295,所属公司,山西蓝朗环境科技有限公司
5296,所属公司,四川物连数智科技有限公司
5297,所属公司,乔泰工程管理集团有限公司
5298,所属公司,北京天创惠丰物联科技股份有限公司
5299,所属公司,宁波鑫义信息科技有限公司
5300,所属公司,北京橄榄山软件有限公司
5301,所属公司,乐山智慧城市科技有限公司
5302,所属公司,山西迈克芬科技有限公司
5303,所属公司,辽宁长信合惠科技发展有限公司
5304,所属公司,上海艾谱莉光电科技有限公司
5305,所属公司,四川智胜新蓝信息技术有限公司
5306,所属公司,深圳市灏哲网络科技有限公司
5307,所属公司,浙江正泰网络技术有限公司
5308,所属公司,江苏明能电力设计咨询有限公司
5309,所属公司,上海幂航汽车有限公司
5310,所属公司,成都峰泰电气有限公司
5311,所属公司,希柯普尔利斯（中国）环保设备有限公司
5312,所属公司,杭州东方通信软件技术有限公司
5313,所属公司,齐齐哈尔图源科技有限公司
5314,所属公司,上海艾谱莉光电科技有限公司
5315,所属公司,江苏明能电力设计咨询有限公司
5316,所属公司,上海幂航汽车有限公司
5317,所属公司,成都峰泰电气有限公司
5318,所属公司,杭州东方通信软件技术有限公司
5319,所属公司,康达洲际医疗器械有限公司
5320,所属公司,山西海翼科技文化发展有限公司
5321,所属公司,北京智米科技有限公司
5322,所属公司,陕西邦华新能源动力有限公司
5323,所属公司,翌弘（上海）信息技术有限公司
5324,所属公司,北京贵迪云数据科技有限责任公司
5325,所属公司,江西省启東为民企业管理有限公司
5326,所属公司,中山芯达电子科技有限公司
5327,所属公司,宜家（中国）投资有限公司
5328,所属公司,中鸿伟业工程设计有限公司福建第二分公司
5329,所属公司,武汉虹信技术服务有限责任公司
5330,所属公司,上海弗列加滤清器有限公司
5331,所属公司,沈阳亚熙信息技术有限公司
5332,所属公司,北京奥瑞森信息技术有限公司
5333,所属公司,南京弘昕成套设备科技有限公司
5334,所属公司,天津市星游科技有限公司
5335,所属公司,广东三生制药有限公司
5336,所属公司,北京尔希科技有限公司
5337,所属公司,北京百度网讯科技有限公司
5338,所属公司,广州万云电子商务有限公司
5339,所属公司,南京沃天科技股份有限公司
5340,所属公司,广州盛美装饰设计院有限公司
5341,所属公司,湖南宝信云建筑综合服务平台股份有限公司怀化分公司
5342,所属公司,河北城翔市政工程设计院有限公司
5343,所属公司,云南天质弘耕科技有限公司
5344,所属公司,哈尔滨汉唐东方软件技术有限公司
5345,所属公司,苏州博立联信息技术有限公司
5346,所属公司,江苏微导纳米科技股份有限公司
5347,所属公司,深圳市阿浦卡智能科技有限公司
5348,所属公司,广东高商科技有限公司
5349,所属公司,上海企仁信息科技有限公司
5350,所属公司,安徽扬子空调股份有限公司
5351,所属公司,浙江和夏科技股份有限公司
5352,所属公司,佛山市管之美软件有限公司
5353,所属公司,西安诚合工业自动化设备有限公司
5354,所属公司,唐山哇漓信息科技有限公司
5355,所属公司,深圳祥熙智能科技有限责任公司
5356,所属公司,宁波市鄞州德来特技术有限公司
5357,所属公司,常州市深蓝电子技术开发有限公司
5358,所属公司,北京华微世纪科技有限公司
5359,所属公司,康泰医学系统（秦皇岛）股份有限公司
5360,所属公司,陕西恒巨软件科技有限公司
5361,所属公司,北京博实联创科技股份有限公司
5362,所属公司,"
心慧科技
"
5363,所属公司,西安华信铁路技术有限公司
5364,所属公司,广州医软智能科技有限公司
5365,所属公司,"
纵图科技
"
5366,所属公司,新华三技术有限公司
5367,所属公司,广东顺德西安交通大学研究院
5368,所属公司,宁波均胜新能源研究院有限公司
5369,所属公司,广东泊锐数创空间技术有限公司
5370,所属公司,四川华泰电气股份有限公司
5371,所属公司,深圳市阿浦卡智能科技有限公司
5372,所属公司,广东高商科技有限公司
5373,所属公司,上海企仁信息科技有限公司
5374,所属公司,安徽扬子空调股份有限公司
5375,所属公司,浙江和夏科技股份有限公司
5376,所属公司,佛山市管之美软件有限公司
5377,所属公司,西安诚合工业自动化设备有限公司
5378,所属公司,唐山哇漓信息科技有限公司
5379,所属公司,宁波市鄞州德来特技术有限公司
5380,所属公司,常州市深蓝电子技术开发有限公司
5381,所属公司,北京华微世纪科技有限公司
5382,所属公司,康泰医学系统（秦皇岛）股份有限公司
5383,所属公司,陕西恒巨软件科技有限公司
5384,所属公司,北京博实联创科技股份有限公司
5385,所属公司,"
心慧科技
"
5386,所属公司,西安华信铁路技术有限公司
5387,所属公司,广州医软智能科技有限公司
5388,所属公司,"
纵图科技
"
5389,所属公司,新华三技术有限公司
5390,所属公司,广东顺德西安交通大学研究院
5391,所属公司,宁波均胜新能源研究院有限公司
5392,所属公司,广东泊锐数创空间技术有限公司
5393,所属公司,四川华泰电气股份有限公司
5394,所属公司,天津易鼎丰动力科技有限公司
5395,所属公司,深圳市骏之源电子有限公司
5396,所属公司,泉州市桑川电气设备有限公司
5397,所属公司,江苏东华测试技术股份有限公司
5398,所属公司,深圳市江机实业有限公司
5399,所属公司,天津黑潮科技有限公司
5400,所属公司,微瞳科技（深圳）有限公司
5401,所属公司,壹园未来数字科技（辽宁）有限公司
5402,所属公司,海特锐（天津）科技有限公司
5403,所属公司,湖南云河数码信息科技有限公司
5404,所属公司,陕西拾贝通讯技术有限公司
5405,所属公司,星汉智能科技股份有限公司
5406,所属公司,云南东络科技有限公司
5407,所属公司,中联智科高新技术有限公司
5408,所属公司,成就医学科技（天津）有限公司
5409,所属公司,常州商米称重科技有限公司
5410,所属公司,北京罗特思创科技有限公司
5411,所属公司,深圳市韦德显示技术有限公司
5412,所属公司,青岛海石商用科技股份有限公司
5413,所属公司,鲲鹏仪器（大连）有限公司
5414,所属公司,上海鼎乾信息科技有限公司
5415,所属公司,青岛旭升视觉有限公司
5416,所属公司,江苏依诺数字科技有限公司
5417,所属公司,杭州领芯微电子有限公司
5418,所属公司,合肥美昂兴电子技术有限公司
5419,所属公司,深圳市博声医疗器械有限公司
5420,所属公司,北京捷文科技股份有限公司
5421,所属公司,广西华云大数据有限公司
5422,所属公司,沈阳时空优越科技有限公司
5423,所属公司,北京宏瑞汽车科技股份有限公司
5424,所属公司,欧蒙医学诊断（中国）有限公司
5425,所属公司,朗析仪器（上海）有限公司
5426,所属公司,南京北方慧华光电有限公司
5427,所属公司,安徽安财信科大数据科技集团有限公司
5428,所属公司,北京新大陆时代科技有限公司
5429,所属公司,亿通优地（北京）科技有限公司
5430,所属公司,广州云阳电子科技有限公司
5431,所属公司,南京安悦科技有限公司
5432,所属公司,上海卡索航空科技有限公司
5433,所属公司,常州中兴恒英电子有限公司
5434,所属公司,"
河狸机器人
"
5435,所属公司,深圳市活水床旁诊断仪器有限公司
5436,所属公司,青岛观云台数据技术有限责任公司
5437,所属公司,珠海景秀科技有限公司
5438,所属公司,福州福大自动化科技有限公司
5439,所属公司,江苏锦程航空科技有限公司
5440,所属公司,厦门弘新智能科技有限公司
5441,所属公司,新乡北方车辆仪表有限公司
5442,所属公司,武汉卡尔玛汽车电子有限公司
5443,所属公司,洛阳顺驰驾驶员培训有限公司
5444,所属公司,大连微洋科技有限公司
5445,所属公司,联夯（上海）自动化科技有限公司
5446,所属公司,深圳安贝格测控科技有限公司
5447,所属公司,苏州迈为科技股份有限公司
5448,所属公司,长沙优龙机器人有限公司
5449,所属公司,杭州安誉科技有限公司
5450,所属公司,河北法浦科技有限公司
5451,所属公司,致真精密仪器（青岛）有限公司
5452,所属公司,四川省莱沃云创科技有限公司
5453,所属公司,广州凯媒通讯技术有限公司
5454,所属公司,深圳市智之祺科技有限公司
5455,所属公司,广东凌丰五金装备科技股份有限公司
5456,所属公司,武汉零壹志安科技有限公司
5457,所属公司,威海市中韩和商电子商务有限公司
5458,所属公司,陕西纷腾互动网络科技有限公司
5459,所属公司,华为技术有限公司
5460,所属公司,石家庄科林智控科技有限公司
5461,所属公司,云南妙果科技有限公司
5462,所属公司,广东广风隆电子科技有限公司
5463,所属公司,大连泓米信息技术有限公司
5464,所属公司,合肥智皖电子科技有限公司
5465,所属公司,广西松贤科技有限公司
5466,所属公司,成都瑞视恒基通信技术有限公司
5467,所属公司,广东云扬科技有限公司
5468,所属公司,北京汽车研究总院有限公司
5469,所属公司,合肥行健智能机器人有限公司
5470,所属公司,哈尔滨佳威奇科技有限公司
5471,所属公司,杭州浙大旭日科技开发有限公司
5472,所属公司,东营价值线安全技术有限公司
5473,所属公司,"
一方威视
"
5474,所属公司,长春市新科展电脑职业培训学校
5475,所属公司,深圳市美克能源科技股份有限公司
5476,所属公司,宁波华仪宁创智能科技有限公司
5477,所属公司,苏州视印智能系统有限公司
5478,所属公司,蓝聪科技（上海）股份有限公司
5479,所属公司,上海亘岩网络科技有限公司
5480,所属公司,上海启羿信息科技有限公司
5481,所属公司,江苏威尔曼科技有限公司
5482,所属公司,西安数峰信息科技有限责任公司
5483,所属公司,都福（上海）实业有限公司
5484,所属公司,北京枚源科技发展有限公司
5485,所属公司,广州宇曦电子科技有限公司
5486,所属公司,安徽飞迪航空科技有限公司
5487,所属公司,广西松贤科技有限公司
5488,所属公司,上海龙腾科技股份有限公司
5489,所属公司,武汉亿楚创智科技有限公司
5490,所属公司,成都瑞视恒基通信技术有限公司
5491,所属公司,湖南典阅教育科技有限公司
5492,所属公司,南京毅诚融亭管理咨询有限公司
5493,所属公司,武汉世纪创博科技有限公司
5494,所属公司,四川博途汇通科技有限公司
5495,所属公司,杭州浙大旭日科技开发有限公司
5496,所属公司,西安特拉多姆节能环保科技有限公司
5497,所属公司,埃思本软件技术（上海）有限公司
5498,所属公司,合肥长陆工业科技有限公司
5499,所属公司,长沙睿达电子科技有限公司
5500,所属公司,苏州视印智能系统有限公司
5501,所属公司,杭州佳和电气股份有限公司
5502,所属公司,上海亘岩网络科技有限公司
5503,所属公司,河南翔宇医疗设备股份有限公司
5504,所属公司,重庆天时嘉科技有限公司
5505,所属公司,江西微博科技有限公司
5506,所属公司,福建方泰教昱科技发展集团有限责任公司
5507,所属公司,陕西欧卡电子智能科技有限公司
5508,所属公司,浙江东昉医疗科技有限公司
5509,所属公司,北京三维天地科技股份有限公司
5510,所属公司,西安迅湃快速充电技术有限公司
5511,所属公司,北京用友政务软件股份有限公司福建分公司
5512,所属公司,山东惠益兴信息科技有限公司
5513,所属公司,上海诺捷信息科技有限公司
5514,所属公司,杭州辰汉智能科技有限公司
5515,所属公司,北京北森云计算股份有限公司
5516,所属公司,青岛易触科技有限公司
5517,所属公司,福建思嘉环保材料科技有限公司
5518,所属公司,上海启羿信息科技有限公司
5519,所属公司,江苏威尔曼科技有限公司
5520,所属公司,西安数峰信息科技有限责任公司
5521,所属公司,都福（上海）实业有限公司
5522,所属公司,青岛蜂后股权投资基金管理有限公司
5523,所属公司,北京长能环境大数据科技有限公司
5524,所属公司,卫宁健康科技集团股份有限公司
5525,所属公司,南京市江宁区鑫琦电动自行车销售中心
5526,所属公司,深圳市一应科技有限公司
5527,所属公司,成都无极点科技有限公司
5528,所属公司,天津瑞和天孚科技有限公司
5529,所属公司,佛吉亚（中国）投资有限公司
5530,所属公司,南京安信达信息科技有限公司
5531,所属公司,苏州华瓴科技有限公司
5532,所属公司,法信公证云（厦门）科技有限公司
5533,所属公司,苏州钧舵机器人有限公司
5534,所属公司,江苏瑞新信息技术股份有限公司
5535,所属公司,湘潭华辰仪器有限公司
5536,所属公司,深圳市优优绿能股份有限公司
5537,所属公司,诸暨慧知慧学教育科技有限公司
5538,所属公司,淮安纷云软件有限公司
5539,所属公司,舟山汇锦云网络技术有限公司
5540,所属公司,四川天中星航空科技有限公司
5541,所属公司,杭州利珀科技有限公司
5542,所属公司,重庆泛语科技有限公司
5543,所属公司,福建顶点软件股份有限公司
5544,所属公司,蜘蛛网智能制造科技（无锡）有限公司
5545,所属公司,北京华为数字技术有限公司
5546,所属公司,深圳烟巴克科技有限公司
5547,所属公司,北京鸿盈信息技术有限公司
5548,所属公司,沈阳立德迅科技有限公司
5549,所属公司,福建新大陆软件工程有限公司
5550,所属公司,济南君安泰投资集团有限公司
5551,所属公司,智擎信息技术（北京）有限公司
5552,所属公司,山东宏数科技有限公司
5553,所属公司,山东易加互联网科技有限公司
5554,所属公司,成都步科智能有限公司
5555,所属公司,杭州海康威视数字技术股份有限公司
5556,所属公司,浙江正联网络科技有限公司
5557,所属公司,奥格科技股份有限公司
5558,所属公司,福建浩普信息技术有限公司
5559,所属公司,湖北永业行评估咨询有限公司
5560,所属公司,杭州博思远望软件有限公司
5561,所属公司,武汉极客营信息技术有限公司
5562,所属公司,浙江毅星科技有限公司
5563,所属公司,二十一世纪空间技术应用股份有限公司
5564,所属公司,北京国欣数码科技有限公司
5565,所属公司,深圳市比亚迪锂电池有限公司
5566,所属公司,安徽众焱信息科技有限公司
5567,所属公司,北京网讯鹏博科技有限公司
5568,所属公司,杭州绿湾网络科技有限公司
5569,所属公司,上海翔明信息技术有限公司
5570,所属公司,德讯科技股份有限公司
5571,所属公司,苏州慧工云信息科技有限公司
5572,所属公司,深圳市中创电测技术有限公司
5573,所属公司,湖南华美信息系统有限公司
5574,所属公司,上海筠箭信息科技有限公司
5575,所属公司,厦门美到网络科技有限公司
5576,所属公司,比亚迪汽车工业有限公司
5577,所属公司,杭州密数科技有限公司
5578,所属公司,软通动力信息技术（集团）股份有限公司
5579,所属公司,安徽听海软件科技有限公司
5580,所属公司,华为技术有限公司南京研究所
5581,所属公司,成都芯源系统有限公司
5582,所属公司,西安睿智时代信息技术有限公司
5583,所属公司,山东天睿信诚节能科技有限公司
5584,所属公司,珠海市众荣和商贸有限公司
5585,所属公司,华为软件技术有限公司
5586,所属公司,湖北融汇信息科技有限公司
5587,所属公司,北京九天利建信息技术股份有限公司
5588,所属公司,福建星云电子股份有限公司
5589,所属公司,杭州迪普科技股份有限公司
5590,所属公司,华为技术有限公司杭州研究所
5591,所属公司,艾聚斯（海宁）智能科技有限公司
5592,所属公司,武汉大学
5593,所属公司,厦门市华林测绘信息有限公司
5594,所属公司,欧拓飞科技（珠海）有限公司
5595,所属公司,遨博（江苏）机器人有限公司
5596,所属公司,北京墨甲文化科技有限公司
5597,所属公司,上海天存信息技术有限公司
5598,所属公司,深圳市商舟网科技有限公司
5599,所属公司,山东新北洋信息技术股份有限公司深圳分公司
5600,所属公司,上海维宏电子科技股份有限公司
5601,所属公司,北京思达威云石油工程技术研究院有限公司
5602,所属公司,比亚迪汽车有限公司
5603,所属公司,山东朗进科技股份有限公司
5604,所属公司,比亚迪汽车有限公司
5605,所属公司,山东朗进科技股份有限公司
5606,所属公司,合肥中科君达视界技术股份有限公司
5607,所属公司,佛吉亚（中国）投资有限公司
5608,所属公司,北京铁兰技术有限公司
5609,所属公司,广州君腾航空科技有限公司
5610,所属公司,武汉天之逸科技有限公司
5611,所属公司,中科方德软件有限公司
5612,所属公司,东莞市兴华机器人自动化技术有限公司
5613,所属公司,晶测电子科技（上海）有限公司
5614,所属公司,北京艾思科米科技有限公司
5615,所属公司,青岛海尔科技有限公司
5616,所属公司,深圳市大族光伏装备有限公司
5617,所属公司,康准电子科技（昆山）有限公司
5618,所属公司,爱士惟科技股份有限公司
5619,所属公司,江苏熙和医疗科技有限公司
5620,所属公司,哈尔滨哈船导航技术有限公司
5621,所属公司,华为技术有限公司杭州研究所
5622,所属公司,厦门真鸣科技有限公司
5623,所属公司,河南扬文信息科技有限公司
5624,所属公司,深圳市快车道新能源发展有限公司
5625,所属公司,月立集团有限公司
5626,所属公司,深圳市标王工业设备有限公司
5627,所属公司,神州瑞通科技（北京）有限公司
5628,所属公司,深圳市德明利技术股份有限公司
5629,所属公司,江苏德长医疗科技有限公司
5630,所属公司,武汉兆图科技有限公司
5631,所属公司,秦皇岛开发区海岸机械制造有限公司
5632,所属公司,北京航辰机载智能系统科技有限公司
5633,所属公司,上海景定电子科技有限公司
5634,所属公司,通用电气医疗系统贸易发展（上海）有限公司
5635,所属公司,陕西中科启航科技有限公司
5636,所属公司,昆山品岱电子有限公司
5637,所属公司,视微影像（河南）科技有限公司
5638,所属公司,深圳市迈普视通科技有限公司
5639,所属公司,广州市睿恒智通电子有限公司
5640,所属公司,四川永祥光伏科技有限公司
5641,所属公司,万帮数字能源股份有限公司
5642,所属公司,深圳市召隆科技有限公司
5643,所属公司,上海腾复智能安防科技集团有限公司
5644,所属公司,深圳市卓兴半导体科技有限公司
5645,所属公司,苏州迈为科技股份有限公司
5646,所属公司,智蜂机电科技（东莞）有限公司
5647,所属公司,深圳市易安技术服务有限公司
5648,所属公司,上海之炜物联网有限公司
5649,所属公司,多益网络有限公司
5650,所属公司,新天科技股份有限公司
5651,所属公司,华芯巨数（杭州）微电子有限公司
5652,所属公司,北京互时科技股份有限公司
5653,所属公司,北京科东电力控制系统有限责任公司
5654,所属公司,昆山联滔电子有限公司
5655,所属公司,上海柏楚电子科技股份有限公司
5656,所属公司,中科新松有限公司
5657,所属公司,珠海市万晟达科技发展有限公司
5658,所属公司,微策略软件（杭州）有限公司
5659,所属公司,杭州云嘉云计算有限公司
5660,所属公司,深圳市沃感科技有限公司
5661,所属公司,深圳市吉祥腾达科技有限公司
5662,所属公司,苏州睿新微系统技术有限公司
5663,所属公司,西湖智能视觉科技（杭州）有限公司
5664,所属公司,南京盈思倍电子科技有限公司
5665,所属公司,北京航辰机载智能系统科技有限公司
5666,所属公司,上海景定电子科技有限公司
5667,所属公司,上海微釜半导体设备有限公司
5668,所属公司,通用电气医疗系统贸易发展（上海）有限公司
5669,所属公司,陕西中科启航科技有限公司
5670,所属公司,深圳市迈普视通科技有限公司
5671,所属公司,上海贯众信息技术有限公司
5672,所属公司,深圳森科智能系统技术有限公司
5673,所属公司,江苏全盛座舱技术股份有限公司
5674,所属公司,天津滨海高新区五洲科技有限公司
5675,所属公司,智德益康医疗科技（深圳）有限公司
5676,所属公司,博志生物科技（深圳）有限公司
5677,所属公司,深圳市迈腾电子有限公司
5678,所属公司,毕马威企业咨询（中国）有限公司
5679,所属公司,深圳华大智造云影医疗科技有限公司
5680,所属公司,澎峰（北京）科技有限公司
5681,所属公司,杭州云嘉云计算有限公司
5682,所属公司,苏州睿新微系统技术有限公司
5683,所属公司,西湖智能视觉科技（杭州）有限公司
5684,所属公司,浙江禾川科技股份有限公司
5685,所属公司,西安矩兴华铠科技有限公司
5686,所属公司,上海野齿仪器科技有限公司
5687,所属公司,珠海一微半导体股份有限公司
5688,所属公司,上海热岛信息科技有限公司
5689,所属公司,龙盈智达（北京）科技有限公司
5690,所属公司,浙江瀚维科技有限责任公司
5691,所属公司,贝恩讯谱光电科技（北京）股份有限公司
5692,所属公司,苏州金域信息科技有限公司
5693,所属公司,陕西鼎益科技有限公司
5694,所属公司,沁阳市东微电子技术有限公司
5695,所属公司,宝略科技（浙江）有限公司
5696,所属公司,成都锋行电子产品设计有限公司
5697,所属公司,湖南苍树航天科技有限公司
5698,所属公司,深圳市台电实业有限公司
5699,所属公司,上海韬安信息技术有限公司
5700,所属公司,讯腾云创（南京）软件设计研究院有限公司
5701,所属公司,上海莹火智显科技有限公司
5702,所属公司,深圳市瑞能实业股份有限公司
5703,所属公司,上海广翼智联科技有限公司
5704,所属公司,湖北京山轻工机械股份有限公司
5705,所属公司,珠海创微电子科技有限公司
5706,所属公司,北京桔灯地球物理勘探股份有限公司
5707,所属公司,苏州康莲医疗技术有限公司
5708,所属公司,北京博电新力电气股份有限公司
5709,所属公司,深圳市印之明科技有限公司
5710,所属公司,微测科技（杭州）有限公司
5711,所属公司,曼德电子电器有限公司
5712,所属公司,宁波润华全芯微电子设备有限公司
5713,所属公司,天和防务技术（北京）有限公司
5714,所属公司,特变电工西安电气科技有限公司
5715,所属公司,阿理新能源科技（昆山）有限公司
5716,所属公司,四川天邑康和通信股份有限公司
5717,所属公司,瑞之博集团有限公司
5718,所属公司,意优智能科技（无锡）有限公司
5719,所属公司,明瑞电子（成都）有限公司
5720,所属公司,深圳市木牛机器人科技有限公司
5721,所属公司,上海复光竞成科技有限公司
5722,所属公司,深圳市艾家智能科技有限公司
5723,所属公司,通达电磁能股份有限公司
5724,所属公司,安徽德通智联科技有限公司
5725,所属公司,天津市再登科技有限公司
5726,所属公司,深圳市新嘉拓自动化技术有限公司
5727,所属公司,北京安知信息技术有限公司
5728,所属公司,合普动力股份有限公司
5729,所属公司,湖南尖峰激光医疗科技有限公司
5730,所属公司,海南良葱网络科技有限公司
5731,所属公司,北京摩诘创新科技股份有限公司
5732,所属公司,深圳市艾家智能科技有限公司
5733,所属公司,浙江长城搅拌设备股份有限公司
5734,所属公司,征图三维（北京）激光技术有限公司
5735,所属公司,天津贝克电气有限公司
5736,所属公司,匹析达技术咨询（上海）有限公司
5737,所属公司,湖南先步信息股份有限公司
5738,所属公司,浙江钱江机器人有限公司
5739,所属公司,明峰医疗系统股份有限公司
5740,所属公司,北京睿芯高通量科技有限公司
5741,所属公司,北京西能电子科技发展有限公司
5742,所属公司,北京诺亦腾科技有限公司
5743,所属公司,北京滕睿德邦科技发展有限公司
5744,所属公司,上海音锋机器人股份有限公司
5745,所属公司,上海东熠数控科技有限公司
5746,所属公司,西安辉道电子科技有限公司
5747,所属公司,北京左江科技股份有限公司
5748,所属公司,为升科（上海）科技电子有限公司
5749,所属公司,深圳泰德激光技术股份有限公司
5750,所属公司,深圳市恒佳盛电子有限公司
5751,所属公司,南京良电新能源科技有限公司
5752,所属公司,内江十二相智控科技有限公司
5753,所属公司,成都华云软创科技有限公司
5754,所属公司,深圳市人通智能科技有限公司
5755,所属公司,北京小米移动软件有限公司
5756,所属公司,博库信息技术（武汉）有限公司
5757,所属公司,浙江寰福科技有限公司
5758,所属公司,江苏堃阳自动化设备有限公司
5759,所属公司,上海领检科技有限公司
5760,所属公司,华勤技术股份有限公司
5761,所属公司,北京赛普泰克技术有限公司
5762,所属公司,北京清视野科技有限责任公司
5763,所属公司,江苏石星科技有限公司
5764,所属公司,昆山德汇汽车服务有限公司
5765,所属公司,乐麦声学科技（深圳）有限公司
5766,所属公司,艾普斯电源（苏州）有限公司
5767,所属公司,西安华控智能系统工程有限公司
5768,所属公司,深圳市汉微科技有限公司
5769,所属公司,"
天域北斗图书
"
5770,所属公司,"
铂端科技
"
5771,所属公司,安徽同湃特机器人科技有限公司
5772,所属公司,上海宏力达信息技术股份有限公司
5773,所属公司,北京盘语科技有限公司
5774,所属公司,苏州秩益科技有限责任公司
5775,所属公司,北京云智软通信息技术有限公司
5776,所属公司,东声（苏州）智能科技有限公司
5777,所属公司,四川龙睿三航科技有限公司
5778,所属公司,方正国际软件（北京）有限公司
5779,所属公司,三一海洋重工有限公司
5780,所属公司,漳州科能人工智能科技有限公司
5781,所属公司,杭州泰伦斯信息咨询有限公司
5782,所属公司,东莞市益松数控科技有限公司
5783,所属公司,美国派瑞艾力斯国际公司北京代表处
5784,所属公司,上海思熠光电科技有限公司
5785,所属公司,博众精工科技股份有限公司
5786,所属公司,中核承影（西安）医疗设备有限公司
5787,所属公司,无锡中微腾芯电子有限公司
5788,所属公司,比亚迪汽车工业有限公司
5789,所属公司,长沙朗克科技有限公司
5790,所属公司,中科芯磁科技（珠海）有限责任公司
5791,所属公司,天津易鼎丰动力科技有限公司
5792,所属公司,广州市溢信科技股份有限公司
5793,所属公司,北京经纬恒润科技股份有限公司
5794,所属公司,深圳承启未来科技有限公司
5795,所属公司,上海联影医疗科技股份有限公司
5796,所属公司,深圳市双翌光电科技有限公司
5797,所属公司,深圳市智流形机器人技术有限公司
5798,所属公司,"
科创研究院
"
5799,所属公司,重庆金康赛力斯新能源汽车设计院有限公司
5800,所属公司,珠海迈科智能科技股份有限公司
5801,所属公司,江西联创精密机电有限公司
5802,所属公司,中航国画（上海）激光显示科技有限公司
5803,所属公司,上海祥承通讯技术有限公司
5804,所属公司,杭州海康威视数字技术股份有限公司广州分公司
5805,所属公司,"
网域探行
"
5806,所属公司,炬芯科技股份有限公司
5807,所属公司,深圳市德斯戈智能科技有限公司
5808,所属公司,深圳市联赢激光股份有限公司
5809,所属公司,烟台市广智微芯智能科技有限责任公司
5810,所属公司,杭州马上创新科技有限公司
5811,所属公司,哈工大机器人（合肥）国际创新研究院
5812,所属公司,深圳众城卓越科技有限公司
5813,所属公司,上海非凸智能科技有限公司
5814,所属公司,华为技术有限公司南京研究所
5815,所属公司,上海维宏电子科技股份有限公司
5816,所属公司,浙江双元科技股份有限公司
5817,所属公司,上海柏楚电子科技股份有限公司
5818,所属公司,上海思深宇维信息科技有限公司
5819,所属公司,江苏一六仪器有限公司
5820,所属公司,上海数迹智能科技有限公司
5821,所属公司,微策略软件（杭州）有限公司
5822,所属公司,新华三技术有限公司
5823,所属公司,珞石（北京）科技有限公司
5824,所属公司,西安尚智电子科技有限公司
5825,所属公司,上海新网程信息技术股份有限公司
5826,所属公司,北京大工科技有限公司
5827,所属公司,井颐医疗信息技术（杭州）有限公司
5828,所属公司,滴滴出行科技有限公司
5829,所属公司,北京中矿四维探源科技有限公司
5830,所属公司,北京经纬恒润科技股份有限公司
5831,所属公司,澳克诺（上海）汽车科技有限公司
5832,所属公司,微软（中国）有限公司苏州分公司
5833,所属公司,紫光恒越技术有限公司
5834,所属公司,江苏为是科技有限公司
5835,所属公司,青岛海信传媒网络技术有限公司
5836,所属公司,广东不二医疗科技有限公司
5837,所属公司,北京九思易自动化软件有限公司
5838,所属公司,深圳市喜悦智慧数据有限公司
5839,所属公司,北京康高特仪器设备有限公司
5840,所属公司,华为技术有限公司南京研究所
5841,所属公司,上海维宏电子科技股份有限公司
5842,所属公司,浙江双元科技股份有限公司
5843,所属公司,上海柏楚电子科技股份有限公司
5844,所属公司,上海思深宇维信息科技有限公司
5845,所属公司,江苏一六仪器有限公司
5846,所属公司,上海数迹智能科技有限公司
5847,所属公司,微策略软件（杭州）有限公司
5848,所属公司,新华三技术有限公司
5849,所属公司,珞石（北京）科技有限公司
5850,所属公司,井颐医疗信息技术（杭州）有限公司
5851,所属公司,滴滴出行科技有限公司
5852,所属公司,北京中矿四维探源科技有限公司
5853,所属公司,北京经纬恒润科技股份有限公司
5854,所属公司,澳克诺（上海）汽车科技有限公司
5855,所属公司,微软（中国）有限公司苏州分公司
5856,所属公司,紫光恒越技术有限公司
5857,所属公司,江苏为是科技有限公司
5858,所属公司,青岛海信传媒网络技术有限公司
5859,所属公司,广东不二医疗科技有限公司
5860,所属公司,北京九思易自动化软件有限公司
5861,所属公司,深圳市喜悦智慧数据有限公司
5862,所属公司,北京康高特仪器设备有限公司
5863,所属公司,北京大恒图像视觉有限公司
5864,所属公司,深圳中集天达物流系统工程有限公司
5865,所属公司,广东敏华电器有限公司
5866,所属公司,江门市江海区小林汽车智能科技有限公司
5867,所属公司,上海优睿谱半导体设备有限公司
5868,所属公司,北京车和家信息技术有限公司
5869,所属公司,华规软件（上海）有限公司
5870,所属公司,陕西戴伯特智能科技有限公司
5871,所属公司,杭州三坛医疗科技有限公司
5872,所属公司,华芯巨数（杭州）微电子有限公司
5873,所属公司,杭州金时科技有限公司
5874,所属公司,深圳火山视觉技术有限公司
5875,所属公司,北京沃东天骏信息技术有限公司
5876,所属公司,上海思深宇维信息科技有限公司
5877,所属公司,重庆长安汽车软件科技有限公司
5878,所属公司,苏州精濑光电有限公司
5879,所属公司,上海博达数据通信有限公司
5880,所属公司,"
火亮新能源
"
5881,所属公司,盛立安元科技（杭州）股份有限公司
5882,所属公司,成都智暄科技有限责任公司
5883,所属公司,成都云鼎康德科技有限公司
5884,所属公司,北京九思易自动化软件有限公司
5885,所属公司,成都鼎桥通信技术有限公司
5886,所属公司,深圳市信宇人科技股份有限公司
5887,所属公司,深圳市韵腾激光科技有限公司
5888,所属公司,西安长远电子工程有限责任公司
5889,所属公司,浙江奥思伟尔电动科技有限公司
5890,所属公司,开异智能技术（上海）有限公司
5891,所属公司,上海平可行智能科技有限公司
5892,所属公司,"
玲珑汽车
"
5893,所属公司,苏州鑫业诚智能装备有限公司
5894,所属公司,上海酷鹰机器人科技有限公司
5895,所属公司,成都子非影人科技有限公司
5896,所属公司,深圳市普博医疗科技股份有限公司
5897,所属公司,力高（山东）新能源技术有限公司
5898,所属公司,北京日航科技有限公司
5899,所属公司,苏州珂晶达电子有限公司
5900,所属公司,英诺达（成都）电子科技有限公司
5901,所属公司,上海蓁康电子有限公司
5902,所属公司,北京华如科技股份有限公司
5903,所属公司,天河智星（北京）科技有限公司
5904,所属公司,上海数巧信息科技有限公司
5905,所属公司,南京翼辉信息技术有限公司
5906,所属公司,图达通智能科技（苏州）有限公司
5907,所属公司,平方和（北京）科技有限公司
5908,所属公司,上海同磊土木工程技术有限公司
5909,所属公司,深圳市海勤科技有限公司
5910,所属公司,芯合电子（上海）有限公司
5911,所属公司,北京四方达科信息科技有限公司
5912,所属公司,深圳为准精机仪器设备有限公司
5913,所属公司,桥弘数控科技（上海）有限公司
5914,所属公司,深圳同富裕创业投资有限合伙企业（有限合伙）
5915,所属公司,深圳慧智星晨科技有限公司
5916,所属公司,斯巴达工具（深圳）有限公司
5917,所属公司,南京联实电子有限公司
5918,所属公司,深圳市华曦达科技股份有限公司
5919,所属公司,小米科技有限责任公司
5920,所属公司,深圳拓邦股份有限公司
5921,所属公司,宁波人财云科技有限公司
5922,所属公司,上海隐冠半导体技术有限公司
5923,所属公司,深圳健展科技有限公司
5924,所属公司,梅卡曼德（北京）机器人科技有限公司
5925,所属公司,深圳健展科技有限公司
5926,所属公司,深圳市西迪特科技股份有限公司
5927,所属公司,深圳市华明辰科技有限公司
5928,所属公司,南京联实电子有限公司
5929,所属公司,杭州威浩实业有限公司
5930,所属公司,杭州朔天科技有限公司
5931,所属公司,无锡宏创盛安科技有限公司
5932,所属公司,苏州捷胜科技有限公司
5933,所属公司,苏州普兆新能源设备有限公司
5934,所属公司,"
黑芝麻智能科技
"
5935,所属公司,成都子非影人科技有限公司
5936,所属公司,三一重工股份有限公司
5937,所属公司,北京雷奥顶峰生物科技有限责任公司
5938,所属公司,前海深蕾科技集团（深圳）有限公司
5939,所属公司,深圳聚新汽车电子技术有限责任公司
5940,所属公司,珠海市墨斗科技有限责任公司
5941,所属公司,合肥智行通智能科技有限公司
5942,所属公司,天津福云天翼科技有限公司
5943,所属公司,杭州远方光电信息股份有限公司
5944,所属公司,深圳市吉毅创能源科技有限公司
5945,所属公司,长城汽车股份有限公司
5946,所属公司,格兰菲智能科技（武汉）有限公司
5947,所属公司,北京阿丘科技有限公司
5948,所属公司,成都鼎桥通信技术有限公司
5949,所属公司,上海蔚来汽车有限公司
5950,所属公司,深圳市杰科数码有限公司
5951,所属公司,芜湖雄狮汽车科技有限公司
5952,所属公司,芜湖泰贺知信息系统有限公司
5953,所属公司,上海凭望信息科技有限公司
5954,所属公司,北京七鑫易维信息技术有限公司
5955,所属公司,沪齐千道（上海）信息科技有限公司
5956,所属公司,深圳市瀚思通汽车电子有限公司
5957,所属公司,深圳元戎启行科技有限公司
5958,所属公司,北京路凯智行科技有限公司
5959,所属公司,深圳市恒控科技有限公司
5960,所属公司,上汽大通汽车有限公司
5961,所属公司,上海崟冠智能科技有限公司
5962,所属公司,华为技术有限公司
5963,所属公司,华为技术服务有限公司
5964,所属公司,华为云计算技术有限公司
5965,所属公司,西安华为技术有限公司
5966,所属公司,杭州华为企业通信技术有限公司
5967,所属公司,华为终端有限公司
5968,所属公司,上海华为技术有限公司
5969,所属公司,华为技术有限公司南京研究所
5970,所属公司,北京华为数字技术有限公司
5971,所属公司,华为软件技术有限公司
5972,所属公司,浙江大华技术股份有限公司
5973,所属公司,成都华为技术有限公司
5974,所属公司,华为技术有限公司杭州研究所
5975,所属公司,比亚迪汽车工业有限公司
5976,所属公司,北京京东尚科信息技术有限公司
5977,所属公司,北京小米移动软件有限公司
5978,所属公司,华为数字技术（苏州）有限公司
5979,所属公司,深圳市友华通信技术有限公司
5980,所属公司,广州汽车集团股份有限公司汽车工程研究院
5981,所属公司,杭州长川科技股份有限公司
5982,所属公司,华为技术有限公司
5983,所属公司,西安华为技术有限公司
5984,所属公司,华为云计算技术有限公司
5985,所属公司,华为终端有限公司
5986,所属公司,北京华为数字技术有限公司
5987,所属公司,华为技术有限公司成都研究所
5988,所属公司,多益网络有限公司
5989,所属公司,广州汽车集团股份有限公司汽车工程研究院
5990,所属公司,北京小米移动软件有限公司
5991,所属公司,比亚迪汽车工业有限公司
5992,所属公司,华为技术有限公司
5993,所属公司,西安华为技术有限公司
5994,所属公司,华为云计算技术有限公司
5995,所属公司,杭州华为企业通信技术有限公司
5996,所属公司,上海华为技术有限公司
5997,所属公司,华为技术服务有限公司
5998,所属公司,成都华为技术有限公司
5999,所属公司,北京华为数字技术有限公司
6000,所属公司,华为终端有限公司
6001,所属公司,华为技术有限公司南京研究所
6002,所属公司,华为技术有限公司
6003,所属公司,西安华为技术有限公司
6004,所属公司,华为云计算技术有限公司
6005,所属公司,杭州华为企业通信技术有限公司
6006,所属公司,上海华为技术有限公司
6007,所属公司,华为技术服务有限公司
6008,所属公司,成都华为技术有限公司
6009,所属公司,华为技术有限公司
6010,所属公司,西安华为技术有限公司
6011,所属公司,华为云计算技术有限公司
6012,所属公司,杭州华为企业通信技术有限公司
6013,所属公司,上海华为技术有限公司
6014,所属公司,成都华为技术有限公司
6015,所属公司,华为技术服务有限公司
6016,所属公司,华为技术有限公司
6017,所属公司,西安华为技术有限公司
6018,所属公司,杭州华为企业通信技术有限公司
6019,所属公司,上海华为技术有限公司
6020,所属公司,华为云计算技术有限公司
6021,所属公司,成都华为技术有限公司
6022,所属公司,华为技术有限公司
6023,所属公司,西安华为技术有限公司
6024,所属公司,杭州华为企业通信技术有限公司
6025,所属公司,上海华为技术有限公司
6026,所属公司,成都华为技术有限公司
6027,所属公司,华为技术有限公司
6028,所属公司,西安华为技术有限公司
6029,所属公司,上海华为技术有限公司
6030,所属公司,杭州华为企业通信技术有限公司
6031,所属公司,华为技术有限公司
6032,所属公司,西安华为技术有限公司
6033,所属公司,上海华为技术有限公司
6034,所属公司,杭州华为企业通信技术有限公司
6035,所属公司,华为技术有限公司
6036,所属公司,西安华为技术有限公司
6037,所属公司,上海华为技术有限公司
6038,所属公司,华为技术有限公司
6039,所属公司,西安华为技术有限公司
6040,所属公司,上海华为技术有限公司
6041,所属公司,华为技术有限公司
6042,所属公司,西安华为技术有限公司
6043,所属公司,上海华为技术有限公司
6044,所属公司,华为技术有限公司
6045,所属公司,华为技术有限公司杭州研究所
6046,所属公司,深圳怡化电脑股份有限公司
6047,所属公司,抖音视界有限公司
6048,所属公司,西安华为技术有限公司
6049,所属公司,珠海迈科智能科技股份有限公司
6050,所属公司,广东华升纳米科技股份有限公司
6051,所属公司,湖北芯擎科技有限公司
6052,所属公司,澳克诺（上海）汽车科技有限公司
6053,所属公司,江苏吉麦新能源车业有限公司
6054,所属公司,京东科技控股股份有限公司
6055,所属公司,芯潮流（珠海）科技有限公司
6056,所属公司,寒武纪行歌（南京）科技有限公司
6057,所属公司,上海迅科投资咨询有限公司
6058,所属公司,合肥复睿微电子有限公司
6059,所属公司,北京华为数字技术有限公司
6060,所属公司,中国电子系统技术有限公司
6061,所属公司,OPPO广东移动通信有限公司
6062,所属公司,南京众视优文化传媒有限公司
6063,所属公司,篆芯半导体（南京）有限公司
6064,所属公司,杭州湘滨电子科技有限公司
6065,所属公司,深圳云天励飞技术股份有限公司
6066,所属公司,广东省洛仑兹技术股份有限公司
6067,所属公司,北京科思图科技有限公司
6068,所属公司,上海和智电气设备有限公司
6069,所属公司,北京荣耀终端有限公司
6070,所属公司,北京天智航医疗科技股份有限公司
6071,所属公司,联合橡塑机械设备（廊坊）有限公司
6072,所属公司,北京京东世纪贸易有限公司
6073,所属公司,上海新迪数字技术有限公司
6074,所属公司,成都泛联智存科技有限公司
6075,所属公司,南昌欧菲信息产业有限公司
6076,所属公司,特斯拉汽车（北京）有限公司
6077,所属公司,万有引力（宁波）电子科技有限公司
6078,所属公司,北京罗克维尔斯科技有限公司
6079,所属公司,维沃移动通信有限公司
6080,所属公司,福建网龙计算机网络信息技术有限公司
6081,所属公司,湖北亿咖通科技有限公司杭州分公司
6082,所属公司,上海央腾汽车电子有限公司
6083,所属公司,西安荣耀终端有限公司
6084,所属公司,深圳奥仕玛咨询顾问有限公司
6085,所属公司,中国银河证券股份有限公司
6086,所属公司,北京轻舟智航智能技术有限公司
6087,所属公司,青岛天麒美盛信息科技有限公司
6088,所属公司,深圳市大疆创新科技有限公司
6089,所属公司,飞协博国际货运代理（上海）有限公司
6090,所属公司,抖音有限公司
6091,所属公司,高通企业管理（上海）有限公司
6092,所属公司,上海普法芬电子科技有限公司
6093,所属公司,东莞市奥海科技股份有限公司
6094,所属公司,深圳市沃克安特新能源技术有限公司
6095,所属公司,苏州亿马汽车科技有限公司
6096,所属公司,北京抖音信息服务有限公司
6097,所属公司,深圳鲲胜企业管理咨询有限公司
6098,所属公司,比亚迪汽车工业有限公司
6099,所属公司,本征信息技术（上海）有限公司
6100,所属公司,广州市航辉电子有限公司
6101,所属公司,深圳市祥云万维科技有限公司
6102,所属公司,翌视科技（宁波）有限公司
6103,所属公司,广州菲利斯太阳能科技有限公司
6104,所属公司,广州文远知行科技有限公司
6105,所属公司,深圳市乐心平江科技有限公司
6106,所属公司,深圳今日头条科技有限公司
6107,所属公司,杭州衍进科技有限公司
6108,所属公司,广州小鹏汽车科技有限公司
6109,所属公司,北京奕斯伟计算技术股份有限公司
6110,所属公司,北京四方达科信息科技有限公司
6111,所属公司,深圳传音控股股份有限公司
6112,所属公司,华人运通控股（上海）有限公司
6113,所属公司,比亚迪精密制造有限公司
6114,所属公司,浙江奔一新能源有限公司
6115,所属公司,小米通讯技术有限公司
6116,所属公司,深圳比特微电子科技有限公司
6117,所属公司,北京金禾教育咨询有限公司
6118,所属公司,北京达坦科技有限公司
6119,所属公司,广州汽车集团股份有限公司汽车工程研究院
6120,所属公司,大数居科技（深圳）有限公司
6121,所属公司,上海集度汽车有限公司
6122,所属公司,"
哲库
"
6123,所属公司,澜起科技股份有限公司
6124,所属公司,杭州华为企业通信技术有限公司
6125,所属公司,深圳盛齐能源技术有限公司
6126,所属公司,北京擎天智卡科技有限公司
6127,所属公司,摩尔线程智能科技（北京）有限责任公司
6128,所属公司,深圳市梭芯智能有限公司
6129,所属公司,广州三晶电气股份有限公司
6130,所属公司,亿次网联（杭州）科技有限公司
6131,所属公司,超威半导体（上海）有限公司
6132,所属公司,小米科技有限责任公司
6133,所属公司,上海云骥智行智能科技有限公司
6134,所属公司,深圳市道通科技股份有限公司
6135,所属公司,跃氪智能科技（上海）有限公司
6136,所属公司,上海赏猎企业管理咨询有限公司
6137,所属公司,浙江大华技术股份有限公司
6138,所属公司,小华半导体有限公司
6139,所属公司,北京昇启科技有限公司
6140,所属公司,深圳普联网络科技有限公司
6141,所属公司,上海映驰科技有限公司
6142,所属公司,中软国际科技服务有限公司
6143,所属公司,广州市百果园网络科技有限公司
6144,所属公司,炯熠电子科技（苏州）有限公司
6145,所属公司,深圳市南方硅谷半导体股份有限公司
6146,所属公司,昆山鸿图电子有限公司
6147,所属公司,中科创达软件股份有限公司
6148,所属公司,广东美的制冷设备有限公司
6149,所属公司,知行汽车科技（苏州）股份有限公司
6150,所属公司,展讯通信（上海）有限公司
6151,所属公司,深圳市速腾聚创科技有限公司
6152,所属公司,哲晰软件技术（上海）有限公司
6153,所属公司,北京小米移动软件有限公司南京分公司
6154,所属公司,思源电气股份有限公司
6155,所属公司,"
巨卓美亚
"
6156,所属公司,上海毅衍电子科技有限公司
6157,所属公司,思柯利软件开发（上海）有限公司
6158,所属公司,北京玉符飞扬科技有限公司
6159,所属公司,际络科技（上海）有限公司
6160,所属公司,深圳拓邦股份有限公司
6161,所属公司,智马达汽车有限公司
6162,所属公司,上海寅家电子科技股份有限公司
6163,所属公司,极芯通讯技术（南京）有限公司
6164,所属公司,百度时代网络技术（北京）有限公司
6165,所属公司,百度在线网络技术（北京）有限公司
6166,所属公司,广州力禧捷电子科技有限公司
6167,所属公司,英伟达半导体科技（上海）有限公司
6168,所属公司,北京百度网讯科技有限公司
6169,所属公司,上海燧原科技有限公司
6170,所属公司,北京志凌海纳科技有限公司
6171,所属公司,深圳智领未来管理咨询有限公司
6172,所属公司,深圳市海思智创科技有限公司
6173,所属公司,博房网订管理咨询（上海）有限公司
6174,所属公司,西门子工业软件（上海）有限公司
6175,所属公司,北京清微智能科技有限公司
6176,所属公司,奕行智能科技（广州）有限公司
6177,所属公司,北京价值谷科技有限公司
6178,所属公司,阿里巴巴（深圳）技术有限公司
6179,所属公司,上海艾辰思企业管理有限公司
6180,所属公司,上海怿点企业管理咨询有限公司
6181,所属公司,上海测牛科技有限公司
6182,所属公司,浙江极氪智能科技有限公司
6183,所属公司,易玩（上海）网络科技有限公司
6184,所属公司,上海泛沧信息科技合伙企业（有限合伙）
6185,所属公司,上海松川远亿机械设备有限公司
6186,所属公司,深圳市阅影科技有限公司
6187,所属公司,网易（杭州）网络有限公司
6188,所属公司,吉利汽车研究院（宁波）有限公司
6189,所属公司,奇瑞汽车股份有限公司
6190,所属公司,上海砺群科技有限公司
6191,所属公司,六安智梭无人车科技有限公司
6192,所属公司,深圳吉阳智能科技有限公司
6193,所属公司,神州龙芯智能科技有限公司
6194,所属公司,苏州可怡若兰环境科技有限公司
6195,所属公司,浙江吉利远程新能源商用车集团有限公司
6196,所属公司,北京华品博睿网络技术有限公司
6197,所属公司,维书信息科技（上海）有限公司
6198,所属公司,恩倍科（深圳）电子有限公司
6199,所属公司,澳帝桦（上海）商贸有限公司
6200,所属公司,微丽声系统技术（北京）有限公司
6201,所属公司,澳克诺（杭州）汽车科技有限公司
6202,所属公司,福瑞泰克智能系统有限公司
6203,所属公司,芯华章科技股份有限公司
6204,所属公司,广东美芝制冷设备有限公司
6205,所属公司,北京车和家信息技术有限公司
6206,所属公司,苏州光之矩光电科技有限公司
6207,所属公司,浙江亚特电器股份有限公司
6208,所属公司,苏州时代新安能源科技有限公司
6209,所属公司,北京细红线科技有限公司
6210,所属公司,广东奥普特科技股份有限公司
6211,所属公司,深圳市正浩创新科技股份有限公司
6212,所属公司,上海幂航汽车有限公司
6213,所属公司,上海众言网络科技有限公司
6214,所属公司,深圳市创客工场科技有限公司
6215,所属公司,上海电镜医疗科技有限公司
6216,所属公司,深圳市南方硅谷半导体股份有限公司北京分公司
6217,所属公司,鹏瞰科技（上海）有限公司
6218,所属公司,深圳光峰科技股份有限公司
6219,所属公司,北京易控智驾科技有限公司
6220,所属公司,浙江雷娜科技有限公司
6221,所属公司,银牛微电子（无锡）有限责任公司
6222,所属公司,华为技术有限公司
6223,所属公司,北京鉴智机器人科技有限公司
6224,所属公司,祥恩股权投资管理（上海）有限公司
6225,所属公司,杭州杂货电科技有限公司
6226,所属公司,深圳市多酷科技有限公司
6227,所属公司,北京国科环宇科技股份有限公司
6228,所属公司,华为技术有限公司
6229,所属公司,北京嘀嘀无限科技发展有限公司
6230,所属公司,亚马逊（中国）投资有限公司
6231,所属公司,北京小米移动软件有限公司
6232,所属公司,上海华为技术有限公司
6233,所属公司,进迭时空（杭州）科技有限公司
6234,所属公司,微软（中国）有限公司
6235,所属公司,华为技术有限公司杭州研究所
6236,所属公司,荣耀终端有限公司
6237,所属公司,中国电子系统技术有限公司
6238,所属公司,湖北芯擎科技有限公司
6239,所属公司,上海和智电气设备有限公司
6240,所属公司,华为云计算技术有限公司
6241,所属公司,上海蔚来汽车有限公司
6242,所属公司,特斯拉汽车（北京）有限公司
6243,所属公司,北京荣耀终端有限公司
6244,所属公司,合肥复睿微电子有限公司
6245,所属公司,微软（中国）有限公司苏州分公司
6246,所属公司,比亚迪汽车工业有限公司
6247,所属公司,深圳鲲胜企业管理咨询有限公司
6248,所属公司,西安荣耀终端有限公司
6249,所属公司,西安华为技术有限公司
6250,所属公司,维沃移动通信有限公司
6251,所属公司,寒武纪行歌（南京）科技有限公司
6252,所属公司,北京罗克维尔斯科技有限公司
6253,所属公司,OPPO广东移动通信有限公司
6254,所属公司,福建网龙计算机网络信息技术有限公司
6255,所属公司,小米通讯技术有限公司
6256,所属公司,华人运通控股（上海）有限公司
6257,所属公司,上海集度汽车有限公司
6258,所属公司,北京抖音信息服务有限公司
6259,所属公司,东莞市奥海科技股份有限公司
6260,所属公司,深圳比特微电子科技有限公司
6261,所属公司,小华半导体有限公司
6262,所属公司,"
哲库
"
6263,所属公司,比亚迪精密制造有限公司
6264,所属公司,深圳市南方硅谷半导体股份有限公司
6265,所属公司,展讯通信（上海）有限公司
6266,所属公司,北京魔门塔科技有限公司
6267,所属公司,一汽（北京）软件科技有限公司
6268,所属公司,深圳市大疆创新科技有限公司
6269,所属公司,英伟达半导体科技（上海）有限公司
6270,所属公司,北京志凌海纳科技有限公司
6271,所属公司,广州小鹏汽车科技有限公司
6272,所属公司,百度在线网络技术（北京）有限公司
6273,所属公司,博房网订管理咨询（上海）有限公司
6274,所属公司,杭州华为企业通信技术有限公司
6275,所属公司,上海艾辰思企业管理有限公司
6276,所属公司,广州汽车集团股份有限公司汽车工程研究院
6277,所属公司,高通企业管理（上海）有限公司
6278,所属公司,澳克诺（杭州）汽车科技有限公司
6279,所属公司,浙江极氪智能科技有限公司
6280,所属公司,际络科技（上海）有限公司
6281,所属公司,深圳市正浩创新科技股份有限公司
6282,所属公司,深圳市梭芯智能有限公司
6283,所属公司,广东美的制冷设备有限公司
6284,所属公司,深圳光峰科技股份有限公司
6285,所属公司,深圳虾皮信息科技有限公司
6286,所属公司,华为技术有限公司
6287,所属公司,北京嘀嘀无限科技发展有限公司
6288,所属公司,上海华为技术有限公司
6289,所属公司,微软（中国）有限公司
6290,所属公司,亚马逊（中国）投资有限公司
6291,所属公司,北京小米移动软件有限公司
6292,所属公司,上海和智电气设备有限公司
6293,所属公司,上海蔚来汽车有限公司
6294,所属公司,荣耀终端有限公司
6295,所属公司,特斯拉汽车（北京）有限公司
6296,所属公司,合肥复睿微电子有限公司
6297,所属公司,北京荣耀终端有限公司
6298,所属公司,北京轻舟智航智能技术有限公司
6299,所属公司,寒武纪行歌（南京）科技有限公司
6300,所属公司,西安荣耀终端有限公司
6301,所属公司,维沃移动通信有限公司
6302,所属公司,深圳比特微电子科技有限公司
6303,所属公司,北京罗克维尔斯科技有限公司
6304,所属公司,华人运通控股（上海）有限公司
6305,所属公司,华为云计算技术有限公司
6306,所属公司,湖北芯擎科技有限公司
6307,所属公司,"
哲库
"
6308,所属公司,北京志凌海纳科技有限公司
6309,所属公司,福建网龙计算机网络信息技术有限公司
6310,所属公司,OPPO广东移动通信有限公司
6311,所属公司,北京魔门塔科技有限公司
6312,所属公司,北京奕斯伟计算技术股份有限公司
6313,所属公司,深圳市玩瞳科技有限公司
6314,所属公司,甲骨文（中国）软件系统有限公司
6315,所属公司,上海鲛人信息科技有限公司
6316,所属公司,合肥来多聚机电设备有限公司
6317,所属公司,无锡药明生物技术股份有限公司
6318,所属公司,小米科技有限责任公司
6319,所属公司,上海极熵数据科技有限公司
6320,所属公司,百度在线网络技术（北京）有限公司
6321,所属公司,金仕生物科技（常熟）有限公司
6322,所属公司,蚂蚁金服（杭州）网络技术有限公司
6323,所属公司,上海期货信息技术有限公司
6324,所属公司,中科星图股份有限公司
6325,所属公司,成都时域半导体有限公司
6326,所属公司,国汽（北京）智能网联汽车研究院有限公司
6327,所属公司,北京京东尚科信息技术有限公司
6328,所属公司,广东鼎立森新材料有限公司
6329,所属公司,北京中科昊芯科技有限公司
6330,所属公司,西安中科天塔科技股份有限公司
6331,所属公司,瀚瀚宝（杭州）信息技术有限公司
6332,所属公司,清华大学
6333,所属公司,"
哲库
"
6334,所属公司,北京黎明视景科技开发有限公司
6335,所属公司,上海艾为电子技术股份有限公司
6336,所属公司,瀚博半导体（上海）有限公司
6337,所属公司,宿迁天道网络科技有限公司
6338,所属公司,湖北云谷数字治理研究院有限公司
6339,所属公司,延锋汽车智能安全系统有限责任公司
6340,所属公司,上海禾约到家网络科技服务有限公司
6341,所属公司,武汉开辉时代科技有限公司
6342,所属公司,安徽影联云享医疗科技有限公司
6343,所属公司,上海蓝色光标品牌顾问有限公司
6344,所属公司,上海艾瑞市场咨询股份有限公司
6345,所属公司,湖南湘军律师事务所
6346,所属公司,西安乐之星广告装饰有限公司
6347,所属公司,湖北书铭商贸有限公司
6348,所属公司,红山区萌宝可爱可亲母婴用品店
6349,所属公司,智修云服（大连）商务科技有限公司
6350,所属公司,邹平赫柏婚礼策划工作室
6351,所属公司,山西科惠鑫达商贸有限公司
6352,所属公司,北京君瑞生通科贸有限公司
6353,所属公司,巴彦淖尔市临河区管家婆软件经销店
6354,所属公司,企航教育科技（大连）有限公司
6355,所属公司,拓樸传媒网络科技（大连）有限公司
6356,所属公司,上海华为技术有限公司
6357,所属公司,武汉峰舍空间建筑工程有限公司
6358,所属公司,上海新闵（郑州）律师事务所
6359,所属公司,辽宁盈臻建设工程有限公司
6360,所属公司,山西天论律师事务所
6361,所属公司,北京凯思昊鹏软件工程技术有限公司
6362,所属公司,河南瀛豫律师事务所
6363,所属公司,宁波大道当然企业管理咨询有限公司
6364,所属公司,"
国坤律师
"
6365,所属公司,内蒙古土播薯生态农业有限公司
6366,所属公司,南京市六合区国有资产经营（控股）有限公司
6367,所属公司,杭州市建筑设计研究院有限公司
6368,所属公司,天津市政工程设计研究总院有限公司西安分公司
6369,所属公司,广东润融私募证券投资基金管理有限公司
6370,所属公司,四川佰城佰村城乡规划设计技术服务有限公司
6371,所属公司,北京国华汇金资产管理有限公司
6372,所属公司,河北省嘉联实业集团有限公司
6373,所属公司,北京水母科技有限公司
6374,所属公司,北京启发世纪图书有限责任公司
6375,所属公司,北京星际防务科技有限公司
6376,所属公司,"
锦天城律师事务所
"
6377,所属公司,北京全迹科技有限公司
6378,所属公司,新乡市若茜广告策划有限责任公司
6379,所属公司,上海众言网络科技有限公司
6380,所属公司,南京领域翻译有限公司
6381,所属公司,成都科顿时代企业管理咨询有限公司
6382,所属公司,绿盟科技集团股份有限公司
6383,所属公司,北京富达尔产业发展研究院
6384,所属公司,展讯通信（上海）有限公司
6385,所属公司,贵州中胜佳装饰工程有限公司
6386,所属公司,广州链桐科技投资有限公司
6387,所属公司,天津创智睿诚知识产权代理有限公司
6388,所属公司,长春金赛药业有限责任公司
6389,所属公司,郑州伊飒尔界面设计有限公司
6390,所属公司,北京奥友兴业科技发展有限公司
6391,所属公司,航天宏图信息技术股份有限公司
6392,所属公司,宁波纽华企业管理咨询有限公司
6393,所属公司,浙商证券股份有限公司
6394,所属公司,上海辅翔文化传播有限公司
6395,所属公司,"
陕西瀛久律师事务...
"
6396,所属公司,北京鼎天投资管理有限公司
6397,所属公司,湖南湘水洞庭资本管理中心（有限合伙）
6398,所属公司,中国科学院深圳先进技术研究院
6399,所属公司,仁合益康集团有限公司
6400,所属公司,"
英济律师事务所
"
6401,所属公司,湖南远卓管理顾问有限公司
6402,所属公司,浙江伟星文化发展有限公司
6403,所属公司,北京觉心健康科技有限公司
6404,所属公司,"
世界资源研究所
"
6405,所属公司,陕西巨世康济生物科技有限公司
6406,所属公司,人民健康网络有限公司
6407,所属公司,广东聚顶朝元信息科技有限公司
6408,所属公司,北京安芙兰创业投资有限公司
6409,所属公司,中碳科技（湖北）有限公司
6410,所属公司,"
蜜獾律所
"
6411,所属公司,即能咨询（深圳）有限公司
6412,所属公司,华为技术有限公司
6413,所属公司,江苏金海创科技有限公司
6414,所属公司,阿里巴巴（中国）有限公司
6415,所属公司,芯源集成电路（北京）有限公司
6416,所属公司,上海新微半导体有限公司
6417,所属公司,珠海张工教育咨询有限公司
6418,所属公司,北京奕斯伟计算技术股份有限公司
6419,所属公司,"
哲库
"
6420,所属公司,联通智网科技股份有限公司
6421,所属公司,瀚博半导体（上海）有限公司
6422,所属公司,超威半导体（上海）有限公司
6423,所属公司,新乡市若茜广告策划有限责任公司
6424,所属公司,南京领域翻译有限公司
6425,所属公司,北京星际防务科技有限公司
6426,所属公司,中国科学院计算技术研究所
6427,所属公司,中国科学院深圳先进技术研究院
6428,所属公司,北京水母科技有限公司
6429,所属公司,百度在线网络技术（北京）有限公司
6430,所属公司,中碳科技（湖北）有限公司
6431,所属公司,"
蜜獾律所
"
6432,所属公司,华为技术有限公司
6433,所属公司,江苏金海创科技有限公司
6434,所属公司,珠海张工教育咨询有限公司
6435,所属公司,上海新微半导体有限公司
6436,所属公司,"
哲库
"
6437,所属公司,瀚博半导体（上海）有限公司
6438,所属公司,超威半导体（上海）有限公司
6439,所属公司,华为技术有限公司
6440,所属公司,江苏金海创科技有限公司
6441,所属公司,上海新微半导体有限公司
6442,所属公司,"
哲库
"
6443,所属公司,瀚博半导体（上海）有限公司
6444,所属公司,华为技术有限公司
6445,所属公司,上海新微半导体有限公司
6446,所属公司,"
哲库
"
6447,所属公司,"
哲库
"
6448,所属公司,安徽天达网络科技有限公司
6449,所属公司,常州光电技术研究所
6450,所属公司,中汽研扬州汽车工程研究院有限公司
6451,所属公司,上海直掌智能科技有限公司
6452,所属公司,坤泰云通科技（北京）有限公司
6453,所属公司,中铝智能科技发展有限公司
6454,所属公司,太原市华众博创文化传媒工作室
6455,所属公司,山东中恒景新碳纤维科技发展有限公司
6456,所属公司,天津英捷利汽车技术有限责任公司
6457,所属公司,西安中科微精光子科技股份有限公司
6458,所属公司,河南协同网络科技有限公司
6459,所属公司,武汉地震科学仪器研究院有限公司
6460,所属公司,青岛喜乐信息科技有限公司
6461,所属公司,中科天际科技股份有限公司
6462,所属公司,无锡新辰航国际贸易有限公司
6463,所属公司,杭州量泓科技有限公司
6464,所属公司,北京戴纳实验科技有限公司
6465,所属公司,天津市盈瑞恒软件有限公司
6466,所属公司,中电科思仪科技股份有限公司
6467,所属公司,大连美恒电气有限公司
6468,所属公司,"
禄研科技
"
6469,所属公司,西安森瑟测控技术有限公司
6470,所属公司,重庆凯奥科技发展有限公司
6471,所属公司,广州市泰谷汽车电子有限公司
6472,所属公司,宁波智造数字科技有限公司
6473,所属公司,浙江毕刻科技有限公司
6474,所属公司,越泰动力科技常州有限公司
6475,所属公司,北京科环世纪电磁兼容技术有限责任公司
6476,所属公司,河北惠仁医疗设备科技有限公司
6477,所属公司,云南航天神州汽车有限公司
6478,所属公司,大连连城数控机器股份有限公司
6479,所属公司,通号粤港澳（广州）交通科技有限公司
6480,所属公司,苏州博沃创新能源科技有限公司
6481,所属公司,哲库科技（北京）有限公司
6482,所属公司,蜂巢传动科技河北有限公司
6483,所属公司,湖南坤雷科技有限公司
6484,所属公司,原生量化（西安）科技有限公司
6485,所属公司,精进电动科技（菏泽）有限公司
6486,所属公司,北京亿信华辰软件有限责任公司
6487,所属公司,紫宏（陕西）智能装备系统有限公司
6488,所属公司,法奥意威（苏州）机器人系统有限公司
6489,所属公司,西安闻翔电子科技有限公司
6490,所属公司,深圳市六维科技有限公司
6491,所属公司,山东塔罗斯智能装备有限公司
6492,所属公司,山东华辰连科通信网络有限公司
6493,所属公司,山东万里红信息技术有限公司
6494,所属公司,西安虎鲨无人船有限公司
6495,所属公司,中山掌芯科技有限公司
6496,所属公司,耐力股份有限公司
6497,所属公司,曼森伯格（深圳）科技发展有限公司
6498,所属公司,北京佳明航电科技有限公司
6499,所属公司,安徽创谱仪器科技有限公司
6500,所属公司,陕西华燕航空仪表有限公司
6501,所属公司,青岛德能创新科技有限公司
6502,所属公司,常州易控汽车电子股份有限公司
6503,所属公司,捷飞科芯（上海）计算技术有限公司
6504,所属公司,武汉华工激光工程有限责任公司
6505,所属公司,常州星宇车灯股份有限公司
6506,所属公司,江苏云睿汽车电器系统有限公司
6507,所属公司,上海百琪迈科技（集团）有限公司
6508,所属公司,北京经纬恒润科技股份有限公司
6509,所属公司,武汉锐科光纤激光技术股份有限公司
6510,所属公司,上海学多多教育科技有限公司
6511,所属公司,南京瑞日光电仪器有限公司
6512,所属公司,长沙神弓信息科技有限公司
6513,所属公司,正元地理信息集团股份有限公司
6514,所属公司,中国科学院城市环境研究所
6515,所属公司,金龙联合汽车工业（苏州）有限公司
6516,所属公司,北京鼎佳达知识产权代理事务所（普通合伙）
6517,所属公司,苏州索亚机器人技术有限公司
6518,所属公司,东莞市海轮电子科技有限公司
6519,所属公司,安徽中科晶格技术有限公司
6520,所属公司,清华大学
6521,所属公司,北京四象爱数科技有限公司
6522,所属公司,山东业达欧力普城市科技有限公司
6523,所属公司,天津天电清源科技有限公司
6524,所属公司,河北德旭焊管设备制造有限公司
6525,所属公司,辽宁聚进科技有限公司
6526,所属公司,西安航玮航空电磁科技有限公司
6527,所属公司,卧龙电气驱动集团股份有限公司
6528,所属公司,罗斯德尔汽车工程技术（北京）有限公司合肥分公司
6529,所属公司,元计算（天津）科技发展有限公司
6530,所属公司,云智慧（北京）科技有限公司
6531,所属公司,青岛征信服务有限公司
6532,所属公司,未势能源科技有限公司保定分公司
6533,所属公司,沈阳华星信息技术有限公司
6534,所属公司,北京航空航天大学
6535,所属公司,杭州合杏信息技术有限公司
6536,所属公司,上海奉天电子股份有限公司
6537,所属公司,宜兴市阳羡之星旅馆有限公司
6538,所属公司,苏州艾科瑞思智能装备股份有限公司苏州分公司
6539,所属公司,北京捷文科技股份有限公司
6540,所属公司,上海图启建筑科技股份有限公司
6541,所属公司,中科云谷科技有限公司
6542,所属公司,青岛中海潮科技有限公司
6543,所属公司,合肥国为电子有限公司
6544,所属公司,长春长光睿视光电技术有限责任公司
6545,所属公司,深圳市易星标技术有限公司
6546,所属公司,北京泰福特电子科技有限公司
6547,所属公司,苏州迈为科技股份有限公司
6548,所属公司,中科数字经济研究院
6549,所属公司,北京海科智机器人科技有限公司
6550,所属公司,哈尔滨新光光电科技股份有限公司
6551,所属公司,锐捷网络股份有限公司
6552,所属公司,济南堃汀仪器设备有限公司
6553,所属公司,山东华天电气有限公司
6554,所属公司,天津锐微科技有限公司
6555,所属公司,西安彼睿电子科技有限公司
6556,所属公司,南京埃立特自动化技术有限公司
6557,所属公司,农芯科技（北京）有限责任公司
6558,所属公司,江苏米特物联网科技有限公司
6559,所属公司,西安西驰电气股份有限公司
6560,所属公司,石家庄通合电子科技股份有限公司
6561,所属公司,淄博高新技术产业开发区MEMS研究院
6562,所属公司,北京京仪仪器仪表研究总院有限公司
6563,所属公司,常州巴乌克智能科技有限公司
6564,所属公司,浙江飞航智能科技有限公司
6565,所属公司,广州尚医网信息技术有限公司
6566,所属公司,青鸟消防股份有限公司
6567,所属公司,开封时代新能源科技有限公司
6568,所属公司,陕西拓普索尔电子科技有限责任公司
6569,所属公司,沈阳中科博微科技股份有限公司
6570,所属公司,郑州众智科技股份有限公司
6571,所属公司,广州建研数力建筑科技有限公司北京分公司
6572,所属公司,成都卫士通信息产业股份有限公司
6573,所属公司,北京迪文科技有限公司
6574,所属公司,南京学思信息技术有限责任公司
6575,所属公司,"
中科院信工所
"
6576,所属公司,森思泰克河北科技有限公司
6577,所属公司,吴江市金澜机械制造有限公司
6578,所属公司,浙江正泰中自控制工程有限公司
6579,所属公司,北京品驰健康科技有限公司
6580,所属公司,缔金团（天津）科技有限公司
6581,所属公司,北京中科力盛科技有限公司
6582,所属公司,北京永乐华航精密仪器仪表有限公司
6583,所属公司,深圳市国电科技通信有限公司
6584,所属公司,山东恒鲁生物科技有限公司
6585,所属公司,上海楷登电子科技有限公司
6586,所属公司,湖南万为智能机器人技术有限公司
6587,所属公司,中核控制系统工程有限公司
6588,所属公司,青岛品源信息技术有限公司
6589,所属公司,昆仑数智科技有限责任公司
6590,所属公司,天津市航天安通电子科技有限公司
6591,所属公司,辽宁奉和信息科技有限公司
6592,所属公司,重庆泛锐科技有限公司
6593,所属公司,湖南诺威测控技术有限公司
6594,所属公司,阿米检测技术有限公司
6595,所属公司,安徽省优质采科技发展有限责任公司
6596,所属公司,威胜集团有限公司
6597,所属公司,广州天赐高新材料股份有限公司
6598,所属公司,云南允探数字科技有限公司
6599,所属公司,吉林省格润物联科技有限公司
6600,所属公司,杭州百慧医疗设备有限公司
6601,所属公司,长荣科技集团有限公司
6602,所属公司,益模（重庆）智能制造研究院有限公司
6603,所属公司,重庆市汇人健康管理有限责任公司
6604,所属公司,上海卓易科技股份有限公司
6605,所属公司,四川省智慧交通科技有限责任公司
6606,所属公司,江苏云仟佰数字科技有限公司
6607,所属公司,中核核信信息技术（北京）有限公司
6608,所属公司,上海嘉洪信息技术有限公司
6609,所属公司,意昂神州（北京）科技有限公司
6610,所属公司,佛山中科灿光微电子设备有限公司
6611,所属公司,北京集英智在科技有限公司
6612,所属公司,江西省交通科学研究院有限公司
6613,所属公司,杭州万观科技有限公司
6614,所属公司,北京筑信达工程咨询有限公司
6615,所属公司,北京华宁世纪科技有限公司辽宁分公司
6616,所属公司,博世力士乐（西安）电子传动与控制有限公司
6617,所属公司,沈阳国科光明医疗科技有限公司
6618,所属公司,乐普（北京）医疗器械股份有限公司
6619,所属公司,宁波均胜新能源研究院有限公司
6620,所属公司,天津新天正信息技术有限责任公司
6621,所属公司,包头北奔重汽桥箱有限公司
6622,所属公司,上海交通大学
6623,所属公司,上海益麦电磁技术有限公司
6624,所属公司,烟台国工智能科技有限公司
6625,所属公司,深圳市地质环境研究院有限公司
6626,所属公司,无锡微视传感科技有限公司
6627,所属公司,吉林省帕迪克精密仪器有限公司
6628,所属公司,四川兰冠能源科技有限公司
6629,所属公司,江苏集萃药康生物科技股份有限公司
6630,所属公司,北京星网卫通科技开发有限公司
6631,所属公司,苏州三个臭皮匠生物科技有限公司
6632,所属公司,深圳市地质环境研究院有限公司
6633,所属公司,中交安科（南京）技术有限公司
6634,所属公司,北京中矿大地地球探测工程技术有限公司
6635,所属公司,摩方快仓（上海）声学技术有限公司
6636,所属公司,昆明东电科技有限公司
6637,所属公司,河南智河工程技术有限公司
6638,所属公司,武汉半湾信息科技有限公司
6639,所属公司,"
北辰循环
"
6640,所属公司,迪飞医学科技（南京）有限公司
6641,所属公司,北京盖特爱达科技有限公司
6642,所属公司,长春市布拉泽医疗科技有限公司
6643,所属公司,翠展微电子（上海）有限公司
6644,所属公司,北京维拓时代建筑设计股份有限公司
6645,所属公司,宁夏百川新材料有限公司
6646,所属公司,台州芯韵科技有限公司
6647,所属公司,楚天飞云制药装备（长沙）有限公司
6648,所属公司,杭州雁行信息科技有限公司
6649,所属公司,湖南省金为新材料科技有限公司
6650,所属公司,武汉虹拓新技术有限责任公司
6651,所属公司,恒业世纪安全技术有限公司
6652,所属公司,伯朗特机器人股份有限公司
6653,所属公司,北京诺克斯达石油科技有限公司
6654,所属公司,北京百迈客生物科技有限公司
6655,所属公司,北方联创通信有限公司
6656,所属公司,天津久荣工业技术有限公司
6657,所属公司,中山市美速光电技术有限公司
6658,所属公司,武汉百易汇能生物科技有限公司
6659,所属公司,山东威高血液净化制品股份有限公司
6660,所属公司,中科计算技术创新研究院
6661,所属公司,阿贝光学技术（福建）有限公司
6662,所属公司,杭州万维镜像科技有限公司
6663,所属公司,北京智芯仿真科技有限公司
6664,所属公司,河南东微电子材料有限公司
6665,所属公司,深圳市威标检测技术有限公司
6666,所属公司,哈尔滨思哲睿智能医疗设备股份有限公司
6667,所属公司,山东奥新医疗科技有限公司
6668,所属公司,广东凯洛欣节能设备有限公司
6669,所属公司,江苏中梵环境科技有限公司
6670,所属公司,北京昊业怡生科技有限公司
6671,所属公司,索为技术股份有限公司
6672,所属公司,北京雅迪力特航空新材料股份公司
6673,所属公司,成都天巡微小卫星科技有限责任公司
6674,所属公司,浙江省长兴天能电源有限公司
6675,所属公司,江苏中海华核环保有限公司
6676,所属公司,清义（山西）新材料科技有限公司
6677,所属公司,北京北方华创微电子装备有限公司
6678,所属公司,医谷（滁州）航空医疗研究院有限公司
6679,所属公司,浙江凯乐士科技集团股份有限公司
6680,所属公司,百林科医药科技（上海）有限公司
6681,所属公司,广东海启星海洋科技有限公司
6682,所属公司,成都英普博集生物科技有限公司
6683,所属公司,重庆轻足迹电子有限公司
6684,所属公司,湖北海震科创技术有限公司
6685,所属公司,四川睿跃土木工程咨询有限公司
6686,所属公司,国家林业和草原局林草调查规划院
6687,所属公司,贵州勘设生态环境科技有限公司
6688,所属公司,贵州航天电子科技有限公司
6689,所属公司,天津艾睿信佳科技发展有限公司
6690,所属公司,湖北新火炬科技有限公司
6691,所属公司,汉威科技集团股份有限公司
6692,所属公司,杭州环研科技有限公司
6693,所属公司,南京中钞长城金融设备有限公司
6694,所属公司,武汉德智自动化科技有限公司
6695,所属公司,浙江万里扬股份有限公司
6696,所属公司,广州山霖生态科技有限公司
6697,所属公司,沈阳乐节科技有限公司
6698,所属公司,业聚医疗器械（深圳）有限公司
6699,所属公司,上海骐杰碳素材料有限公司
6700,所属公司,武汉中能华源设计咨询有限公司
6701,所属公司,山东东润仪表科技股份有限公司
6702,所属公司,天通银厦新材料有限公司
6703,所属公司,广东博迈医疗科技股份有限公司
6704,所属公司,广州天科生物科技有限公司
6705,所属公司,广州五所环境仪器有限公司
6706,所属公司,厦门斯坦道科学仪器股份有限公司
6707,所属公司,北京同益中新材料科技股份有限公司
6708,所属公司,保光（天津）汽车零部件有限公司
6709,所属公司,烟台杰瑞石油服务集团股份有限公司
6710,所属公司,合肥启灏医疗科技有限公司
6711,所属公司,碳管家智能云平台有限公司
6712,所属公司,武汉龙之燚设计研究有限公司
6713,所属公司,南京东新慧科信息技术有限公司
6714,所属公司,青岛森麒麟轮胎股份有限公司
6715,所属公司,江苏深瑞光学技术有限公司
6716,所属公司,苏州苏映视图像软件科技有限公司
6717,所属公司,四川速宝网络科技有限公司
6718,所属公司,济南磐升生物技术有限公司
6719,所属公司,华为软件技术有限公司
6720,所属公司,上海思尔芯技术股份有限公司
6721,所属公司,睿励科学仪器（上海）有限公司
6722,所属公司,北京纳通科技集团有限公司
6723,所属公司,科华数据股份有限公司
6724,所属公司,深圳研控自动化科技股份有限公司
6725,所属公司,北京数巅科技有限公司成都分公司
6726,所属公司,上海沈德无创时代医疗科技有限公司
6727,所属公司,中电科风华信息装备股份有限公司
6728,所属公司,北京国泰蓝盾科技有限公司
6729,所属公司,浙江艾罗网络能源技术股份有限公司
6730,所属公司,凌云光技术股份有限公司
6731,所属公司,上光通信技术（上海）有限公司
6732,所属公司,驭势（上海）汽车科技有限公司
6733,所属公司,中科芯集成电路有限公司
6734,所属公司,宁波泽为科技有限公司
6735,所属公司,夯实科技（广州）有限公司
6736,所属公司,精锐视觉智能科技（上海）有限公司
6737,所属公司,井松机器人（杭州）有限公司
6738,所属公司,上海蔚来汽车有限公司
6739,所属公司,天津恒宇医疗科技有限公司
6740,所属公司,合肥安迅精密技术有限公司
6741,所属公司,博流智能科技（南京）有限公司
6742,所属公司,北京嘀嘀无限科技发展有限公司
6743,所属公司,武汉之道在线教育科技有限公司
6744,所属公司,北京京东世纪贸易有限公司
6745,所属公司,豪尔赛科技集团股份有限公司
6746,所属公司,上海秉拓智能科技有限公司
6747,所属公司,阿里巴巴达摩院（杭州）科技有限公司
6748,所属公司,上海优集工业软件有限公司
6749,所属公司,深圳泊松软件技术有限公司
6750,所属公司,合肥行健智能机器人有限公司
6751,所属公司,上海奕瑞光电子科技股份有限公司
6752,所属公司,北京麦麦趣耕科技有限公司
6753,所属公司,高知特智能技术（上海）有限公司
6754,所属公司,广州敏视数码科技有限公司
6755,所属公司,苏州汇川技术有限公司
6756,所属公司,上海闪策信息科技有限公司
6757,所属公司,广东三鼎智能装备有限公司
6758,所属公司,深圳鸿芯微纳技术有限公司
6759,所属公司,成都时识科技有限公司
6760,所属公司,艾索信息股份有限公司
6761,所属公司,南京泉峰科技有限公司
6762,所属公司,南京曜石软件技术有限公司
6763,所属公司,智驭医疗科技（广州）有限公司
6764,所属公司,深圳十沣科技有限公司
6765,所属公司,西安荣耀终端有限公司
6766,所属公司,逸超科技（北京）有限公司
6767,所属公司,阳光电源股份有限公司
6768,所属公司,广州宸境科技有限公司
6769,所属公司,成都今是科技有限公司
6770,所属公司,北京云智软通信息技术有限公司
6771,所属公司,上海新基讯通信技术有限公司
6772,所属公司,"
科威泰科技股份有...
"
6773,所属公司,深圳市汇川技术股份有限公司
6774,所属公司,湖南北云科技有限公司
6775,所属公司,比亚迪汽车工业有限公司
6776,所属公司,龙芯中科技术股份有限公司
6777,所属公司,上海云骥智行智能科技有限公司
6778,所属公司,磅客策（上海）智能医疗科技有限公司
6779,所属公司,上海矽湃微电子有限公司
6780,所属公司,深圳市英威腾电气股份有限公司
6781,所属公司,北京小米移动软件有限公司
6782,所属公司,宁波欧熠乐科技有限公司
6783,所属公司,"
素问九州
"
6784,所属公司,广东惠威电声科技有限公司
6785,所属公司,深圳市名竹科技有限公司
6786,所属公司,中信银行股份有限公司
6787,所属公司,深圳市芯璨科技有限公司
6788,所属公司,上海元视芯智能科技有限公司
6789,所属公司,曼迪（北京）软件科技有限公司
6790,所属公司,华睿泰科技（北京）有限公司
6791,所属公司,上海捷晋企业管理咨询有限公司
6792,所属公司,青岛青禾方略管理咨询有限公司
6793,所属公司,北京华卓精科科技股份有限公司
6794,所属公司,上海鑫国动力科技有限公司
6795,所属公司,国光电器股份有限公司
6796,所属公司,成都新易盛通信技术股份有限公司
6797,所属公司,以诺康医疗科技（苏州）有限公司
6798,所属公司,深圳市雷赛智能控制股份有限公司
6799,所属公司,天地（常州）自动化股份有限公司
6800,所属公司,西安中科光电精密工程有限公司
6801,所属公司,珠海英搏尔电气股份有限公司
6802,所属公司,泰克索尔技术（深圳）有限公司
6803,所属公司,高视科技（苏州）有限公司
6804,所属公司,安徽中科光电色选机械有限公司
6805,所属公司,众瑞充（江苏）新能源科技有限公司
6806,所属公司,苏州希盟科技股份有限公司
6807,所属公司,苏州铂电智能装备有限公司
6808,所属公司,北京中科宇航技术有限公司
6809,所属公司,深圳市德兰明海科技有限公司
6810,所属公司,港航科（深圳）空间技术有限公司
6811,所属公司,北京辐全智能科技股份有限公司
6812,所属公司,江苏征途电气科技有限公司
6813,所属公司,合肥中科采象科技有限公司
6814,所属公司,成都中科微信息技术研究院有限公司
6815,所属公司,杭州蔚斯博系统科技有限公司
6816,所属公司,宸芯科技股份有限公司
6817,所属公司,四川恒湾科技有限公司
6818,所属公司,深圳市首航新能源股份有限公司
6819,所属公司,湖北久之洋信息科技有限公司
6820,所属公司,锐捷网络股份有限公司
6821,所属公司,瞬曜电子科技（上海）有限公司
6822,所属公司,金竟（广州）科技有限责任公司
6823,所属公司,秋懿（北京）传媒科技有限公司
6824,所属公司,深圳北芯生命科技股份有限公司
6825,所属公司,深圳市神武传感器有限公司
6826,所属公司,浙江电驱动创新中心有限公司
6827,所属公司,上海英恒电子有限公司
6828,所属公司,上海剑平动平衡机制造有限公司
6829,所属公司,上海零一汽车科技有限公司
6830,所属公司,展讯通信（上海）有限公司
6831,所属公司,芯和半导体科技（上海）股份有限公司
6832,所属公司,深圳国微芯科技有限公司
6833,所属公司,微创投资控股有限公司
6834,所属公司,南京瑞德医疗科技有限公司
6835,所属公司,上海镌极特种设备有限公司
6836,所属公司,博世（中国）投资有限公司
6837,所属公司,中仿智能科技（上海）股份有限公司
6838,所属公司,中软国际科技服务有限公司
6839,所属公司,英乐飞半导体（广州）有限公司
6840,所属公司,探步科技（上海）有限公司
6841,所属公司,常州联力自动化科技有限公司
6842,所属公司,北京航天遥感国际科技发展有限公司
6843,所属公司,遨博（江苏）机器人有限公司
6844,所属公司,上海优爱宝智能机器人科技股份有限公司
6845,所属公司,深圳市睿达科技有限公司
6846,所属公司,深圳市佳美智创科技有限公司
6847,所属公司,上海华大九天信息科技有限公司
6848,所属公司,"
季华实验室
"
6849,所属公司,成都中嘉微视科技有限公司
6850,所属公司,苏州博理新材料科技有限公司
6851,所属公司,武汉启辰瑞联技术有限公司
6852,所属公司,东南数字经济发展研究院
6853,所属公司,北京润科通用技术有限公司
6854,所属公司,新奥新智科技有限公司
6855,所属公司,比亚迪汽车有限公司
6856,所属公司,纵目科技（上海）股份有限公司
6857,所属公司,上海诺生医疗科技有限公司
6858,所属公司,安霸半导体技术（上海）有限公司
6859,所属公司,亿维特（南京）航空科技有限公司
6860,所属公司,苏州博古特智造有限公司
6861,所属公司,武汉芯必达微电子有限公司
6862,所属公司,万有引力（宁波）电子科技有限公司
6863,所属公司,深圳市朗石科学仪器有限公司
6864,所属公司,北京世冠金洋科技发展有限公司
6865,所属公司,哈尔滨新光光电科技股份有限公司北京分公司
6866,所属公司,广东天太机器人有限公司
6867,所属公司,万帮数字能源股份有限公司
6868,所属公司,北京迪路科技有限公司
6869,所属公司,上海儒竞智控技术有限公司
6870,所属公司,西安星辰电气有限公司
6871,所属公司,北京踏歌智行科技有限公司
6872,所属公司,光宝通信（广州）有限公司南京分公司
6873,所属公司,上海拓璞数控科技股份有限公司
6874,所属公司,重庆希微科技有限公司
6875,所属公司,上海巨人能源科技有限公司
6876,所属公司,北京耐特威光电系统科技有限公司
6877,所属公司,华芯程（杭州）科技有限公司
6878,所属公司,上海星思半导体有限责任公司
6879,所属公司,四川省莱沃云创科技有限公司
6880,所属公司,杭州长川科技股份有限公司
6881,所属公司,三星半导体（中国）研究开发有限公司
6882,所属公司,上海映驰科技有限公司
6883,所属公司,北京深维科技有限公司
6884,所属公司,福瑞泰克智能系统有限公司上海分公司
6885,所属公司,青岛东软载波科技股份有限公司
6886,所属公司,北京赛智创业科技有限公司
6887,所属公司,杭州广立微电子股份有限公司
6888,所属公司,北京智芯微电子科技有限公司
6889,所属公司,出门问问信息科技有限公司
6890,所属公司,小米科技有限责任公司
6891,所属公司,狮骏科技（深圳）有限公司
6892,所属公司,百度时代网络技术（北京）有限公司
6893,所属公司,北京思灵机器人科技有限责任公司
6894,所属公司,北京兆维智能装备有限公司
6895,所属公司,上海鸿晔电子科技股份有限公司
6896,所属公司,常州星宇车灯股份有限公司
6897,所属公司,蓝帆医疗股份有限公司
6898,所属公司,武汉微泰电子有限公司
6899,所属公司,上海线维传动科技有限公司
6900,所属公司,江苏集萃智能制造技术研究所有限公司
6901,所属公司,普天东方通信集团有限公司北京分公司
6902,所属公司,"
鹏城实验室
"
6903,所属公司,深圳市瑞沃德生命科技有限公司
6904,所属公司,重庆长安汽车软件科技有限公司
6905,所属公司,广州小鹏汽车科技有限公司
6906,所属公司,北京罗博施通信技术有限公司
6907,所属公司,陕西奇路穿越机器人有限公司
6908,所属公司,思佰川技术（惠州）有限公司
6909,所属公司,西安庆安航空电子有限公司
6910,所属公司,北京罗克维尔斯科技有限公司
6911,所属公司,翔升（上海）电子技术有限公司
6912,所属公司,南京后摩智能科技有限公司
6913,所属公司,长沙景嘉微电子股份有限公司
6914,所属公司,江苏芯云电子科技有限公司
6915,所属公司,比昂恒创（上海）科技有限公司
6916,所属公司,深圳绿野微萌信息科技有限公司
6917,所属公司,四川九洲电器集团有限责任公司
6918,所属公司,上海华为技术有限公司
6919,所属公司,瞬曜电子科技（上海）有限公司
6920,所属公司,北京超星未来科技有限公司
6921,所属公司,北京心联光电科技有限公司
6922,所属公司,通维数码科技（上海）有限公司
6923,所属公司,中软国际科技服务有限公司
6924,所属公司,中山大洋电机股份有限公司
6925,所属公司,深圳市汇川技术股份有限公司
6926,所属公司,深圳市佳美智创科技有限公司
6927,所属公司,爱芯元智半导体（上海）有限公司
6928,所属公司,万有引力（宁波）电子科技有限公司
6929,所属公司,芯华章科技股份有限公司
6930,所属公司,中科慧远智能装备（广东）有限公司
6931,所属公司,奇智（青岛）智能科技有限公司
6932,所属公司,北京智联安科技有限公司
6933,所属公司,北京四方视语科技有限公司
6934,所属公司,上海映驰科技有限公司
6935,所属公司,百度时代网络技术（北京）有限公司
6936,所属公司,上海线维传动科技有限公司
6937,所属公司,合肥复睿微电子有限公司
6938,所属公司,苏州苏映视图像软件科技有限公司
6939,所属公司,惠州比亚迪电子有限公司
6940,所属公司,深圳绿野微萌信息科技有限公司
6941,所属公司,小米通讯技术有限公司
6942,所属公司,浪潮通信技术有限公司
6943,所属公司,上海楷登电子科技有限公司
6944,所属公司,上海燧原科技有限公司
6945,所属公司,华为终端有限公司
6946,所属公司,北京京东世纪贸易有限公司
6947,所属公司,希德姆（北京）汽车科技有限公司
6948,所属公司,深圳汉阳科技有限公司
6949,所属公司,中汽创智科技有限公司
6950,所属公司,北京为准智能科技有限公司
6951,所属公司,福建中科光芯光电科技有限公司
6952,所属公司,武汉数字化设计与制造创新中心有限公司
6953,所属公司,杭州优亿医疗器械有限公司
6954,所属公司,思科系统（中国）研发有限公司
6955,所属公司,特斯拉汽车（北京）有限公司
6956,所属公司,探步科技（上海）有限公司
6957,所属公司,北京百度网讯科技有限公司
6958,所属公司,华为云计算技术有限公司
6959,所属公司,辉羲智能科技（上海）有限公司
6960,所属公司,苏州挚途科技有限公司
6961,所属公司,上海欣盒汽车科技有限公司
6962,所属公司,北京集睿致远科技有限公司
6963,所属公司,北京张量无限科技有限公司
6964,所属公司,博世汽车部件（苏州）有限公司
6965,所属公司,上海砺群科技有限公司
6966,所属公司,北京天玛智控科技股份有限公司
6967,所属公司,深圳市腾讯计算机系统有限公司
6968,所属公司,佳缘科技股份有限公司
6969,所属公司,北京沃凯诺电子技术有限公司
6970,所属公司,深圳市中为智能信息技术有限公司
6971,所属公司,上海酷芯半导体有限公司
6972,所属公司,北京三星通信技术研究有限公司
6973,所属公司,上海红西瓜半导体技术有限公司
6974,所属公司,广州导远电子科技有限公司
6975,所属公司,微软（中国）有限公司
6976,所属公司,中科碳元（深圳）生物科技有限公司
6977,所属公司,北京泰辉隆创信息科技有限公司
6978,所属公司,杭州华为企业通信技术有限公司
6979,所属公司,三一重工股份有限公司
6980,所属公司,中电金信软件有限公司
6981,所属公司,苏州希盟科技股份有限公司
6982,所属公司,江苏为是科技有限公司
6983,所属公司,淡水泉（北京）投资管理有限公司
6984,所属公司,民生科技有限责任公司
6985,所属公司,支付宝（杭州）信息技术有限公司
6986,所属公司,上海洪湃科技有限公司
6987,所属公司,北京快手科技有限公司
6988,所属公司,腾讯科技（上海）有限公司
6989,所属公司,上海寻梦信息技术有限公司
6990,所属公司,北京达佳互联信息技术有限公司
6991,所属公司,深圳市纽创信安科技开发有限公司
6992,所属公司,维沃移动通信有限公司
6993,所属公司,澳特拉斯（北京）科技有限公司
6994,所属公司,裕太微电子股份有限公司
6995,所属公司,北京敏道云科技有限公司
6996,所属公司,深圳市埃芯半导体科技有限公司
6997,所属公司,杭州蓝芯科技有限公司
6998,所属公司,数坤（北京）网络科技股份有限公司
6999,所属公司,京东科技控股股份有限公司
7000,所属公司,江苏芯云电子科技有限公司
7001,所属公司,北京中科腾越科技发展有限公司
7002,所属公司,北京灵汐科技有限公司
7003,所属公司,深圳皓影医疗科技有限公司
7004,所属公司,弈芯科技（杭州）有限公司
7005,所属公司,忆月启函（上海）科技有限公司
7006,所属公司,北京敏道云科技有限公司
7007,所属公司,华为技术有限公司南京研究所
7008,所属公司,北京算能科技有限公司
7009,所属公司,天津七一二通信广播股份有限公司
7010,所属公司,上海恒保信息科技有限公司
7011,所属公司,上海玄宇医疗器械有限公司
7012,所属公司,北京京东尚科信息技术有限公司
7013,所属公司,北京小米移动软件有限公司
7014,所属公司,上海云骥智行智能科技有限公司
7015,所属公司,深圳市爱尚有为科技有限公司
7016,所属公司,杭州菲数科技有限公司
7017,所属公司,上海君争企业管理咨询有限公司
7018,所属公司,优利德科技（中国）股份有限公司
7019,所属公司,宝时得科技（中国）有限公司
7020,所属公司,康泰医学系统（秦皇岛）股份有限公司
7021,所属公司,深圳国微芯科技有限公司
7022,所属公司,上海瞬驭科技有限公司
7023,所属公司,昂坤视觉（北京）科技有限公司
7024,所属公司,大数居科技（深圳）有限公司
7025,所属公司,上海雷骥电子科技有限公司
7026,所属公司,芯行纪科技有限公司
7027,所属公司,泰凌微电子（上海）股份有限公司
7028,所属公司,中国电子科技南湖研究院
7029,所属公司,深圳市国微电子有限公司
7030,所属公司,北京中科腾越科技发展有限公司
7031,所属公司,北京灵汐科技有限公司
7032,所属公司,中科驭数（北京）科技有限公司
7033,所属公司,北京天智航医疗科技股份有限公司
7034,所属公司,英伟达半导体科技（上海）有限公司
7035,所属公司,福州视驰科技有限公司
7036,所属公司,上海点甜网络科技有限公司
7037,所属公司,加特兰微电子科技（上海）有限公司
7038,所属公司,美的集团股份有限公司
7039,所属公司,"
于万智驾
"
7040,所属公司,南京博仕网络科技有限公司
7041,所属公司,北京华捷艾米科技有限公司
7042,所属公司,赛尔微半导体科技（南京）有限公司
7043,所属公司,上海热像科技股份有限公司
7044,所属公司,深圳开立生物医疗科技股份有限公司
7045,所属公司,北京天地一格科技有限公司
7046,所属公司,宝时得智能技术（上海）有限公司
7047,所属公司,深圳虾皮信息科技有限公司
7048,所属公司,上海珍为科技有限公司
7049,所属公司,深流微智能科技（深圳）有限公司
7050,所属公司,际络科技（上海）有限公司
7051,所属公司,深圳传音控股股份有限公司
7052,所属公司,牛芯半导体（深圳）有限公司
7053,所属公司,浙江柔灵科技有限公司
7054,所属公司,阿里云计算有限公司
7055,所属公司,武汉凌久微电子有限公司
7056,所属公司,厦门亿联网络技术股份有限公司
7057,所属公司,成都锐芯盛通电子科技有限公司
7058,所属公司,北京三快在线科技有限公司
7059,所属公司,NANO科技（北京）有限公司
7060,所属公司,上海韬润半导体有限公司
7061,所属公司,北京开源芯片研究院
7062,所属公司,上海泰矽微电子有限公司
7063,所属公司,忱芯科技（上海）有限公司
7064,所属公司,北京智加智行科技有限公司
7065,所属公司,上海镒链科技有限公司
7066,所属公司,深圳比特微电子科技有限公司
7067,所属公司,上海开策实业有限公司
7068,所属公司,北京聚思芯半导体技术有限公司
7069,所属公司,北京芯格诺微电子有限公司
7070,所属公司,上海狄迈企业管理咨询有限公司
7071,所属公司,杭州中亚机械股份有限公司
7072,所属公司,深圳市汇图技术有限公司
7073,所属公司,深圳市乐心平江科技有限公司
7074,所属公司,北京华品博睿网络技术有限公司
7075,所属公司,南京领鹊科技有限公司
7076,所属公司,北京京深深向科技有限公司
7077,所属公司,西安知象光电科技有限公司
7078,所属公司,上海索辰信息科技股份有限公司
7079,所属公司,光科芯图（北京）科技有限公司
7080,所属公司,中科芯磁科技（珠海）有限责任公司
7081,所属公司,深圳市新凯来技术有限公司
7082,所属公司,维沃移动通信（深圳）有限公司
7083,所属公司,上海越域智能科技有限公司
7084,所属公司,北京智芯微电子科技有限公司
7085,所属公司,北京花牛信息技术有限公司
7086,所属公司,深圳曜映科技有限公司
7087,所属公司,北京北大方正电子有限公司
7088,所属公司,上海耕岩智能科技有限公司
7089,所属公司,大连可之科技有限公司
7090,所属公司,天枢摇光（北京）计算技术有限公司
7091,所属公司,炯熠电子科技（苏州）有限公司
7092,所属公司,西湖制药（杭州）有限公司
7093,所属公司,美的集团（上海）有限公司
7094,所属公司,武汉路特斯科技有限公司
7095,所属公司,珠海多创科技有限公司
7096,所属公司,"
慧璟咨询
"
7097,所属公司,深圳量匠智造科技有限公司
7098,所属公司,抖音视界有限公司
7099,所属公司,南京能利芯科技有限公司
7100,所属公司,北京卓誉科技有限公司
7101,所属公司,赛纳生物科技（广州）有限公司
7102,所属公司,平头哥（上海）半导体技术有限公司
7103,所属公司,芯和半导体科技（上海）股份有限公司
7104,所属公司,奇瑞汽车股份有限公司
7105,所属公司,探维科技（北京）有限公司
7106,所属公司,北京中电华大电子设计有限责任公司
7107,所属公司,芯来科技（武汉）有限公司
7108,所属公司,深圳云豹智能有限公司
7109,所属公司,上海非夕机器人科技有限公司
7110,所属公司,共达地创新技术（深圳）有限公司
7111,所属公司,跨越速运集团有限公司
7112,所属公司,中公高科养护科技股份有限公司
7113,所属公司,深圳市深意通电子商务有限公司
7114,所属公司,上海朗合医疗器械有限公司
7115,所属公司,深圳市南方硅谷半导体股份有限公司
7116,所属公司,北京超维世纪科技有限公司
7117,所属公司,广州汇量信息科技有限公司
7118,所属公司,珞石（北京）科技有限公司
7119,所属公司,安徽高创科技有限公司
7120,所属公司,上海招隐企业管理咨询有限公司
7121,所属公司,上海欧思微电子技术有限公司
7122,所属公司,苏州芯慧联半导体科技有限公司
7123,所属公司,浙江极氪智能科技有限公司
7124,所属公司,上海示其商务咨询有限公司
7125,所属公司,合肥海图微电子有限公司
7126,所属公司,深圳市微源半导体股份有限公司
7127,所属公司,晶艺半导体有限公司
7128,所属公司,上海哔哩哔哩科技有限公司
7129,所属公司,北京明宇未来科技有限公司
7130,所属公司,中科创达软件股份有限公司
7131,所属公司,九坤投资（北京）有限公司
7132,所属公司,格科微电子（上海）有限公司
7133,所属公司,杭州赛博无限科技服务有限公司
7134,所属公司,吉利汽车研究院（宁波）有限公司
7135,所属公司,上海移芯通信科技有限公司
7136,所属公司,青岛柯锐思德电子科技有限公司
7137,所属公司,深圳市华普微电子股份有限公司
7138,所属公司,上海脑虎科技有限公司
7139,所属公司,北京清微智能科技有限公司
7140,所属公司,深圳速境生活科技有限公司
7141,所属公司,上海哈啰普惠科技有限公司
7142,所属公司,诺竹科技（上海）有限公司
7143,所属公司,深圳市宏事达能源科技有限公司
7144,所属公司,湖北九同方微电子有限公司
7145,所属公司,银牛微电子（无锡）有限责任公司
7146,所属公司,深圳度影医疗科技有限公司
7147,所属公司,中科寒武纪科技股份有限公司
7148,所属公司,腾讯科技（北京）有限公司
7149,所属公司,珠海宽德私募基金管理有限公司
7150,所属公司,源江（南京）光集成芯片科技有限公司
7151,所属公司,小红书科技有限公司
7152,所属公司,浙江白马科技有限公司
7153,所属公司,深圳市其域创新科技有限公司
7154,所属公司,江西思贤数据科技有限公司
7155,所属公司,上海优睿谱半导体设备有限公司
7156,所属公司,世瞳（上海）微电子科技有限公司
7157,所属公司,华为技术服务有限公司
7158,所属公司,极纳人工智能（北京）有限公司
7159,所属公司,深圳市山海半导体科技有限公司
7160,所属公司,北京阿帕科蓝科技有限公司
7161,所属公司,"
哲库
"
7162,所属公司,芯瑞微（上海）电子科技有限公司
7163,所属公司,上海合见工业软件集团有限公司
7164,所属公司,未岚大陆（北京）科技有限公司
7165,所属公司,广东美的制冷设备有限公司
7166,所属公司,苏州舜云工程软件有限公司
7167,所属公司,禾多科技（北京）有限公司
7168,所属公司,腾讯音乐娱乐科技（深圳）有限公司
7169,所属公司,珠海全志科技股份有限公司
7170,所属公司,北京美图之家科技有限公司
7171,所属公司,南京集成电路设计服务产业创新中心有限公司
7172,所属公司,上海量宇私募基金管理有限公司
7173,所属公司,芯合电子（上海）有限公司
7174,所属公司,深圳市科思科技股份有限公司
7175,所属公司,西安芯瞳半导体技术有限公司
7176,所属公司,亚马逊（中国）投资有限公司
7177,所属公司,华为技术有限公司
7178,所属公司,浙江雷娜科技有限公司
7179,所属公司,上海蔚来汽车有限公司
7180,所属公司,荣耀终端有限公司
7181,所属公司,西安荣耀终端有限公司
7182,所属公司,上海华为技术有限公司
7183,所属公司,展讯通信（上海）有限公司
7184,所属公司,四川卡森科技有限公司
7185,所属公司,中国工程物理研究院上海激光等离子体研究所
7186,所属公司,南京瑞源生物技术有限公司
7187,所属公司,深圳市东正光学技术有限公司
7188,所属公司,浙江老鹰半导体技术有限公司
7189,所属公司,努美（北京）科技有限公司
7190,所属公司,东莞讯滔电子有限公司
7191,所属公司,武汉凯迪电力环保有限公司
7192,所属公司,脉得智能科技（无锡）有限公司
7193,所属公司,海信空调有限公司
7194,所属公司,无锡小天鹅电器有限公司
7195,所属公司,广东美的厨房电器制造有限公司
7196,所属公司,北京国网富达科技发展有限责任公司
7197,所属公司,深圳市湖山科技有限公司
7198,所属公司,英特仿真科技（西安）有限公司
7199,所属公司,有研（广东）新材料技术研究院
7200,所属公司,广州高澜节能技术股份有限公司
7201,所属公司,江苏同橙科技有限公司
7202,所属公司,国农机器人产业创新研究院（江苏）有限公司
7203,所属公司,北京根网科技有限公司
7204,所属公司,深圳荞漾人工智能集团有限公司
7205,所属公司,博奥生物集团有限公司
7206,所属公司,盖州市卫华机动车驾驶员服务有限公司
7207,所属公司,南京原磊纳米材料有限公司
7208,所属公司,中科超睿（青岛）技术有限公司
7209,所属公司,北京金浩林勘探技术有限公司
7210,所属公司,北京中森国际工程咨询有限责任公司
7211,所属公司,阿贝光学技术（福建）有限公司
7212,所属公司,生物岛实验室
7213,所属公司,河北子曰机械设备有限公司
7214,所属公司,陕西德创数字工业智能科技有限公司
7215,所属公司,"
中国电子科技集团...
"
7216,所属公司,上海安甲生物科技有限公司
7217,所属公司,南京智悠科技发展有限公司
7218,所属公司,"
华大研究院
"
7219,所属公司,上海复旦复达科技有限公司
7220,所属公司,四川数字交通科技股份有限公司
7221,所属公司,中煤科工集团重庆研究院有限公司
7222,所属公司,浙江盛泰服装集团股份有限公司
7223,所属公司,湖北省楚天云有限公司
7224,所属公司,南京玻璃纤维研究设计院有限公司
7225,所属公司,武汉乐星图科技有限公司
7226,所属公司,时空视界智能科技（福建）有限公司
7227,所属公司,宁波尚进自动化科技有限公司
7228,所属公司,上海派森诺生物科技股份有限公司
7229,所属公司,杭州诺辉健康科技有限公司
7230,所属公司,科企岛（上海）网络技术有限公司
7231,所属公司,"
上海交大四川研究院
"
7232,所属公司,北京罗克维尔斯科技有限公司
7233,所属公司,材料科学姑苏实验室
7234,所属公司,合肥芯投微电子有限公司
7235,所属公司,源资信息科技（上海）有限公司
7236,所属公司,精锐动力科技（深圳）有限公司
7237,所属公司,无锡先导智能装备股份有限公司
7238,所属公司,杭州宏领商务会展有限公司
7239,所属公司,北京工业互联网技术创新与产业发展联盟
7240,所属公司,蚂蚁科技集团股份有限公司
7241,所属公司,大连时代海棠文化传播有限公司
7242,所属公司,山东广电信通网络运营有限公司
7243,所属公司,上海煊湘信息科技有限公司
7244,所属公司,"
中国航天科工
"
7245,所属公司,中国科学院计算机网络信息中心
7246,所属公司,山东伏羲智库互联网研究院
7247,所属公司,上海交通大学
7248,所属公司,北京聆犀文化科技有限公司
7249,所属公司,杭州和方电力设备制造有限公司
7250,所属公司,海南优尼科尔生物科技有限公司
7251,所属公司,上海贝泰妮生物科技有限公司
7252,所属公司,上海大牙牙健康科技有限公司
7253,所属公司,蓝帆医疗股份有限公司
7254,所属公司,中化学科学技术研究有限公司
7255,所属公司,济南晶正电子科技有限公司
7256,所属公司,深圳市雷赛智能控制股份有限公司
7257,所属公司,西安国联质量检测技术股份有限公司
7258,所属公司,会通新材料股份有限公司
7259,所属公司,江西中洪博元生物技术有限公司
7260,所属公司,延锋国际汽车技术有限公司
7261,所属公司,苏州三体生物科技有限公司
7262,所属公司,深圳增强现实技术有限公司
7263,所属公司,山东嘉洁塑业有限公司
7264,所属公司,西安凯翔光电科技有限公司
7265,所属公司,烟台杰瑞石油装备技术有限公司
7266,所属公司,辽宁创科医疗有限公司
7267,所属公司,武汉华中天经通视科技有限公司
7268,所属公司,深圳TCL新技术有限公司
7269,所属公司,北京医智影科技有限公司
7270,所属公司,中国中元国际工程有限公司
7271,所属公司,东莞太洋新材料科技有限公司
7272,所属公司,佛山市川野调味品有限公司
7273,所属公司,长春长光辰英生物科学仪器有限公司
7274,所属公司,"
山东中科益虫
"
7275,所属公司,广东光华科技股份有限公司
7276,所属公司,大连创锐光谱科技有限公司
7277,所属公司,万向一二三股份公司
7278,所属公司,宁波阿酷电气有限公司
7279,所属公司,多莱泌生物科技（武汉）有限公司
7280,所属公司,广州数程科技有限公司
7281,所属公司,杭州金杭包装印业有限公司
7282,所属公司,深圳市雷赛智能控制股份有限公司
7283,所属公司,延锋国际汽车技术有限公司
7284,所属公司,江苏鲁汶仪器股份有限公司
7285,所属公司,上海圣弘生物科技有限公司
7286,所属公司,NANO科技（北京）有限公司
7287,所属公司,诺思贝瑞新材料科技（苏州）有限公司
7288,所属公司,广汉诺尔涂邦涂料有限公司
7289,所属公司,深圳市三利谱光电科技股份有限公司
7290,所属公司,深圳市恒纬祥科技有限公司
7291,所属公司,"
华泽九鼎
"
7292,所属公司,珠海市澳加联盈生物科技有限公司
7293,所属公司,宁德新能源科技有限公司
7294,所属公司,西安艾蒙希科技有限公司
7295,所属公司,深圳市容大生物科技股份有限公司
7296,所属公司,卫圣康医学科技（江苏）有限公司
7297,所属公司,湖北神地汇丰科技有限公司
7298,所属公司,长沙幻音电子科技有限公司
7299,所属公司,杭州和方电力设备制造有限公司
7300,所属公司,海南优尼科尔生物科技有限公司
7301,所属公司,久心医疗科技（苏州）有限公司
7302,所属公司,洛阳沃虹石化设备有限公司
7303,所属公司,吉林省中研高分子材料股份有限公司
7304,所属公司,扬森（天津）医学检验有限公司
7305,所属公司,深圳纽迪瑞科技开发有限公司
7306,所属公司,河北智达光电科技股份有限公司
7307,所属公司,北京幸福益生高新技术有限公司
7308,所属公司,苏州硅基生物科技有限公司
7309,所属公司,艾泰克仪器科技（南京）有限公司
7310,所属公司,金禾佳农（北京）生物技术有限公司
7311,所属公司,济通智能装备股份有限公司
7312,所属公司,浙江国能锂业股份有限公司北京分公司
7313,所属公司,宁夏润阳硅材料科技有限公司
7314,所属公司,圣戈班研发（上海）有限公司
7315,所属公司,武汉康圣达医学检验所有限公司
7316,所属公司,海南盐福记科技有限公司
7317,所属公司,宁波海尔施基因科技股份有限公司
7318,所属公司,上海昂一生物科技有限公司
7319,所属公司,诺思贝瑞新材料科技（苏州）有限公司
7320,所属公司,南京牧镭激光科技股份有限公司
7321,所属公司,江西邦泰绿色生物合成生态产业园发展有限公司
7322,所属公司,医铭（苏州）医疗器械有限公司
7323,所属公司,广东美的生活电器制造有限公司
7324,所属公司,华驰电气有限公司
7325,所属公司,合肥中科智驰科技有限公司
7326,所属公司,福州鑫图光电有限公司
7327,所属公司,怡维怡橡胶研究院有限公司
7328,所属公司,三元生物工程研究（天津）有限公司
7329,所属公司,山东胜邦绿野化学有限公司
7330,所属公司,华设设计集团股份有限公司
7331,所属公司,金禾佳农（北京）生物技术有限公司
7332,所属公司,济通智能装备股份有限公司
7333,所属公司,浙江国能锂业股份有限公司北京分公司
7334,所属公司,宁夏润阳硅材料科技有限公司
7335,所属公司,安徽枡水新能源科技有限公司
7336,所属公司,武汉中原长江科技发展有限公司
7337,所属公司,北京幸福益生高新技术有限公司
7338,所属公司,艾泰克仪器科技（南京）有限公司
7339,所属公司,苏州硅基生物科技有限公司
7340,所属公司,无锡丙申科技有限公司
7341,所属公司,湖北鼎龙控股股份有限公司
7342,所属公司,合肥哈工路波机器人科技有限公司
7343,所属公司,诸城市锦德耐火材料有限公司
7344,所属公司,沈阳荣氏高生物科技有限公司
7345,所属公司,合肥正阳光电科技有限责任公司
7346,所属公司,苏州擎动动力科技有限公司
7347,所属公司,北京延运科技有限公司
7348,所属公司,广州解序基因科技有限公司
7349,所属公司,三星电子（中国）研发中心
7350,所属公司,廊坊智慧环境生态产业研究院有限公司
7351,所属公司,山东中鸿特检生物科技有限公司
7352,所属公司,包头市石墨烯材料研究院有限责任公司
7353,所属公司,山东奥冠新能源科技有限公司
7354,所属公司,鹤山市中富兴业电路有限公司
7355,所属公司,宁德时代新能源科技股份有限公司
7356,所属公司,北京艾格瑞吉数据科技有限公司
7357,所属公司,北京玖瑞科技有限公司
7358,所属公司,苏州汇涵医用科技发展有限公司
7359,所属公司,宁波多普达聚合物有限公司
7360,所属公司,合肥启灏医疗科技有限公司
7361,所属公司,江苏卓胜微电子股份有限公司
7362,所属公司,中天电气技术有限公司
7363,所属公司,南京信大环境科技有限公司
7364,所属公司,深圳大洲医学科技有限公司
7365,所属公司,广东磷基生物科技有限公司
7366,所属公司,四川九洲电器集团有限责任公司
7367,所属公司,云南大泽电极科技股份有限公司
7368,所属公司,江苏裕兴薄膜科技股份有限公司
7369,所属公司,福龙马集团股份有限公司
7370,所属公司,中实诚信信用评价有限公司
7371,所属公司,鑫精合激光科技发展（北京）有限公司
7372,所属公司,江苏硕世生物科技股份有限公司
7373,所属公司,中芯国际集成电路制造（北京）有限公司
7374,所属公司,惠州市普利司德高分子材料有限公司
7375,所属公司,猎境（嘉兴）生物科技有限公司
7376,所属公司,北斗生命科学（广州）有限公司
7377,所属公司,北京宇极科技发展有限公司
7378,所属公司,北京辰安科技股份有限公司
7379,所属公司,材料科学姑苏实验室
7380,所属公司,北京轩宇信息技术有限公司
7381,所属公司,杭州华为企业通信技术有限公司
7382,所属公司,鸿之微科技（上海）股份有限公司
7383,所属公司,陕西数图行信息科技有限公司
7384,所属公司,中国科学院空间应用工程与技术中心
7385,所属公司,深圳国泰道合科技有限公司
7386,所属公司,华为技术服务有限公司
7387,所属公司,芯和半导体科技（上海）股份有限公司
7388,所属公司,上海移柯通信技术股份有限公司
7389,所属公司,阿里巴巴（中国）有限公司
7390,所属公司,西安荣耀终端有限公司
7391,所属公司,科磊半导体设备技术（上海）有限公司
7392,所属公司,武汉联影智融医疗科技有限公司
7393,所属公司,基蛋生物科技股份有限公司
7394,所属公司,北理工郑州智能科技研究院
7395,所属公司,广东君璟科技有限公司
7396,所属公司,北京纳通医用机器人科技有限公司
7397,所属公司,赛微医疗科技（上海）有限公司
7398,所属公司,西安吉谦电子科技有限公司
7399,所属公司,深圳市联赢激光股份有限公司
7400,所属公司,海信空调有限公司
7401,所属公司,北京阅影科技有限公司
7402,所属公司,北京国网信通埃森哲信息技术有限公司
7403,所属公司,中国船舶集团有限公司系统工程研究院
7404,所属公司,上海复旦复达科技有限公司
7405,所属公司,神工坊（无锡）数字技术有限公司
7406,所属公司,上海康碳复合材料科技有限公司
7407,所属公司,北京寰宇声望智能科技有限公司
7408,所属公司,北京罗克维尔斯科技有限公司
7409,所属公司,华芯程（杭州）科技有限公司
7410,所属公司,浙江百能科技有限公司
7411,所属公司,深圳吉阳智能科技有限公司
7412,所属公司,"
中国航天科工
"
7413,所属公司,中山大洋电机股份有限公司
7414,所属公司,武汉之道在线教育科技有限公司
7415,所属公司,北京清析技术研究院合肥分院
7416,所属公司,陕西德创数字工业智能科技有限公司
7417,所属公司,北京云道智造科技有限公司
7418,所属公司,中国工程物理研究院上海激光等离子体研究所
7419,所属公司,青岛海信医疗设备股份有限公司
7420,所属公司,四川恒湾科技有限公司
7421,所属公司,深圳市东正光学技术有限公司
7422,所属公司,深圳沃思通技术有限公司
7423,所属公司,浙江老鹰半导体技术有限公司
7424,所属公司,苏州芯镁信电子科技有限公司
7425,所属公司,北京北卓医疗科技发展有限责任公司
7426,所属公司,建邺区安牧蕊网络技术服务中心
7427,所属公司,广东省新一代通信与网络创新研究院
7428,所属公司,北京凯普林光电科技股份有限公司
7429,所属公司,三一石油智能装备有限公司
7430,所属公司,美的集团（上海）有限公司
7431,所属公司,中煤科工集团重庆研究院有限公司
7432,所属公司,浙江盛泰服装集团股份有限公司
7433,所属公司,四川数字交通科技股份有限公司
7434,所属公司,广州黑格智造信息科技有限公司
7435,所属公司,北京智芯微电子科技有限公司
7436,所属公司,上海慕灿信息科技有限公司
7437,所属公司,清华德人西安幸福制药有限公司
7438,所属公司,柏美迪康环境科技（上海）股份有限公司
7439,所属公司,北京朗视仪器股份有限公司
7440,所属公司,南京玻璃纤维研究设计院有限公司
7441,所属公司,努美（天津）科技有限公司
7442,所属公司,湖北省楚天云有限公司
7443,所属公司,浙江荷湖科技有限公司
7444,所属公司,上海交通大学宁波人工智能研究院
7445,所属公司,北京天玛智控科技股份有限公司
7446,所属公司,无锡先导智能装备股份有限公司
7447,所属公司,深圳瑞波光电子有限公司
7448,所属公司,上海乐侠文化传媒有限公司
7449,所属公司,三一重型装备有限公司
7450,所属公司,天津普兰能源科技有限公司
7451,所属公司,华为云计算技术有限公司
7452,所属公司,北京品驰医疗设备有限公司
7453,所属公司,哈尔滨东安汽车动力股份有限公司
7454,所属公司,金龙联合汽车工业（苏州）有限公司
7455,所属公司,英特仿真科技（西安）有限公司
7456,所属公司,中国电子产品可靠性与环境试验研究所（（工业和信息化部电子第五研究所）（中国赛宝实验室））
7457,所属公司,北京硅研新材科技有限公司
7458,所属公司,河北中煤旭阳能源有限公司
7459,所属公司,沛顿科技（深圳）有限公司
7460,所属公司,合肥综合性国家科学中心人工智能研究院（安徽省人工智能实验室）
7461,所属公司,申江万国数据信息股份有限公司
7462,所属公司,北京中环信科科技股份有限公司
7463,所属公司,常州先趋医疗科技有限公司
7464,所属公司,北京中科科仪股份有限公司
7465,所属公司,中国科学技术大学先进技术研究院
7466,所属公司,湖南视比特机器人有限公司
7467,所属公司,深圳市康冠科技股份有限公司
7468,所属公司,脉得智能科技（无锡）有限公司
7469,所属公司,合肥有感科技有限责任公司
7470,所属公司,深圳吉阳智能科技有限公司
7471,所属公司,北京险峰长青投资咨询有限公司
7472,所属公司,珠海方正科技高密电子有限公司
7473,所属公司,成都华为技术有限公司
7474,所属公司,上海安甲生物科技有限公司
7475,所属公司,瑞纳智能设备股份有限公司
7476,所属公司,上海精测半导体技术有限公司
7477,所属公司,强一半导体（苏州）股份有限公司
7478,所属公司,上海璞成科技有限公司
7479,所属公司,赛纳生物科技（广州）有限公司
7480,所属公司,"
华大研究院
"
7481,所属公司,美的集团（上海）有限公司
7482,所属公司,中煤科工集团重庆研究院有限公司
7483,所属公司,浙江盛泰服装集团股份有限公司
7484,所属公司,四川数字交通科技股份有限公司
7485,所属公司,北京天玛智控科技股份有限公司
7486,所属公司,无锡先导智能装备股份有限公司
7487,所属公司,苏州清听声学科技有限公司
7488,所属公司,深圳瑞波光电子有限公司
7489,所属公司,上海乐侠文化传媒有限公司
7490,所属公司,哈尔滨东安汽车动力股份有限公司
7491,所属公司,北京易控智驾科技有限公司
7492,所属公司,浙江德创环保科技股份有限公司
7493,所属公司,"
中国电子科技集团...
"
7494,所属公司,北京华品博睿网络技术有限公司
7495,所属公司,浙江晶盛机电股份有限公司
7496,所属公司,厦门亿联网络技术股份有限公司
7497,所属公司,中路交科科技股份有限公司
7498,所属公司,乐普（北京）医疗器械股份有限公司
7499,所属公司,三一重型装备有限公司
7500,所属公司,南京玻璃纤维研究设计院有限公司
7501,所属公司,天津普兰能源科技有限公司
7502,所属公司,努美（天津）科技有限公司
7503,所属公司,湖北省楚天云有限公司
7504,所属公司,浙江荷湖科技有限公司
7505,所属公司,上海交通大学宁波人工智能研究院
7506,所属公司,华为云计算技术有限公司
7507,所属公司,华勤技术股份有限公司
7508,所属公司,深圳市祺鑫环保科技有限公司
7509,所属公司,深圳市现代农业装备研究院
7510,所属公司,康龙化成（北京）新药技术股份有限公司
7511,所属公司,江苏同橙科技有限公司
7512,所属公司,西安中科光电精密工程有限公司
7513,所属公司,浙江大学高端装备研究院
7514,所属公司,成都云检韵祥医学科技有限公司
7515,所属公司,西安中科光电精密工程有限公司
7516,所属公司,浙江大学高端装备研究院
7517,所属公司,成都云检韵祥医学科技有限公司
7518,所属公司,成都图灵威视科技有限公司
7519,所属公司,"
上海交大四川研究院
"
7520,所属公司,深圳市祺鑫环保科技有限公司
7521,所属公司,深圳市科瑞新能源装备技术有限公司
7522,所属公司,妙智科技（深圳）有限公司
7523,所属公司,中科南京移动通信与计算创新研究院
7524,所属公司,时空视界智能科技（福建）有限公司
7525,所属公司,宁波尚进自动化科技有限公司
7526,所属公司,西子清洁能源装备制造股份有限公司
7527,所属公司,上海派森诺生物科技股份有限公司
7528,所属公司,嘉兴欣贝莱生物科技有限公司
7529,所属公司,深圳市海普洛斯生物科技有限公司
7530,所属公司,深圳市华晨阳科技有限公司
7531,所属公司,成都时识科技有限公司
7532,所属公司,深圳市德兰明海科技有限公司
7533,所属公司,南京中安半导体设备有限责任公司
7534,所属公司,北京灵动天地文化发展有限公司
7535,所属公司,上海近观科技有限责任公司
7536,所属公司,昂坤视觉（北京）科技有限公司
7537,所属公司,深圳蓝影医学科技股份有限公司
7538,所属公司,中国空间技术研究院杭州中心
7539,所属公司,合肥芯投微电子有限公司
7540,所属公司,曙光信息产业（北京）有限公司
7541,所属公司,浙江杜比医疗科技有限公司
7542,所属公司,上海微创心通医疗科技有限公司
7543,所属公司,江苏神马电力股份有限公司
7544,所属公司,上海交通大学
7545,所属公司,浙江博氢新能源有限公司
7546,所属公司,华为技术服务有限公司
7547,所属公司,杭州华为企业通信技术有限公司
7548,所属公司,北京云道智造科技有限公司
7549,所属公司,惠州比亚迪电子有限公司
7550,所属公司,比亚迪汽车有限公司
7551,所属公司,材料科学姑苏实验室
7552,所属公司,北京清析技术研究院合肥分院
7553,所属公司,广东省新一代通信与网络创新研究院
7554,所属公司,北京品驰医疗设备有限公司
7555,所属公司,北京硅研新材科技有限公司
7556,所属公司,华勤技术股份有限公司
7557,所属公司,北京深云智合科技有限公司
7558,所属公司,湖北省楚天云有限公司
7559,所属公司,广东美的厨房电器制造有限公司
7560,所属公司,北京凯普林光电科技股份有限公司
7561,所属公司,北京阅影科技有限公司
7562,所属公司,沛顿科技（深圳）有限公司
7563,所属公司,无锡小天鹅电器有限公司
7564,所属公司,清华德人西安幸福制药有限公司
7565,所属公司,陕西数图行信息科技有限公司
7566,所属公司,英特仿真科技（西安）有限公司
7567,所属公司,国网智能科技股份有限公司
7568,所属公司,深圳市精锋医疗科技股份有限公司
7569,所属公司,上海微电子装备（集团）股份有限公司
7570,所属公司,成都时识科技有限公司
7571,所属公司,有研（广东）新材料技术研究院
7572,所属公司,中国科学院空间应用工程与技术中心
7573,所属公司,成都华为技术有限公司
7574,所属公司,强一半导体（苏州）股份有限公司
7575,所属公司,北京万集科技股份有限公司
7576,所属公司,瑞纳智能设备股份有限公司
7577,所属公司,康龙化成（北京）新药技术股份有限公司
7578,所属公司,厦门亿联网络技术股份有限公司
7579,所属公司,浙江晶盛机电股份有限公司
7580,所属公司,上海芯钬量子科技有限公司
7581,所属公司,神思电子技术股份有限公司
7582,所属公司,无锡先导智能装备股份有限公司
7583,所属公司,深圳国泰道合科技有限公司
7584,所属公司,深圳市康冠科技股份有限公司
7585,所属公司,中国工程物理研究院上海激光等离子体研究所
7586,所属公司,中科南京移动通信与计算创新研究院
7587,所属公司,上海近观科技有限责任公司
7588,所属公司,上海华为技术有限公司
7589,所属公司,华为技术有限公司
7590,所属公司,荣耀终端有限公司
7591,所属公司,之江实验室
7592,所属公司,鸿之微科技（上海）股份有限公司
7593,所属公司,北京云道智造科技有限公司
7594,所属公司,武汉之道在线教育科技有限公司
7595,所属公司,北京清析技术研究院合肥分院
7596,所属公司,天津诚安金码科技有限公司
7597,所属公司,比亚迪汽车工业有限公司
7598,所属公司,广东美的厨房电器制造有限公司
7599,所属公司,北京摩尔芯光半导体技术有限公司
7600,所属公司,上海设序科技有限公司
7601,所属公司,深圳市精锋医疗科技股份有限公司
7602,所属公司,北京小米移动软件有限公司
7603,所属公司,郑州速净环保工程有限公司
7604,所属公司,南京中安半导体设备有限责任公司
7605,所属公司,浙江杜比医疗科技有限公司
7606,所属公司,深圳蓝影医学科技股份有限公司
7607,所属公司,北京蓝晶微生物科技有限公司
7608,所属公司,神思电子技术股份有限公司
7609,所属公司,深圳市现代农业装备研究院
7610,所属公司,苏州佳祺仕科技股份有限公司
7611,所属公司,"
鹏城实验室
"
7612,所属公司,中合智圆（厦门）科技服务有限公司
7613,所属公司,合肥井松智能科技股份有限公司
7614,所属公司,上海秦陕资产管理有限公司
7615,所属公司,久方智能（广东）有限公司
7616,所属公司,人工智能与数字经济广东省实验室（广州）
7617,所属公司,邯郸市展望装饰装修工程有限公司
7618,所属公司,启天锤科技（深圳）有限公司
7619,所属公司,菌健生命科学（上海）有限公司
7620,所属公司,深圳麦克韦尔科技有限公司
7621,所属公司,北京麦吉克管理咨询有限公司
7622,所属公司,智洋创新科技股份有限公司
7623,所属公司,浙江同花顺智能科技有限公司
7624,所属公司,佰达微（深圳）电子有限公司
7625,所属公司,中科慧远视觉技术（洛阳）有限公司
7626,所属公司,江苏索特电子材料有限公司
7627,所属公司,深圳市力合微电子股份有限公司
7628,所属公司,上海天衾实业有限公司
7629,所属公司,北京沃东天骏信息技术有限公司
7630,所属公司,北京三快在线科技有限公司
7631,所属公司,上海联影医疗科技股份有限公司
7632,所属公司,北京京邦达贸易有限公司
7633,所属公司,深圳中芯量子科技有限公司
7634,所属公司,网易有道信息技术（北京）有限公司
7635,所属公司,深圳企业云科技股份有限公司
7636,所属公司,云宏信息科技股份有限公司
7637,所属公司,爱绿城环保科技有限公司
7638,所属公司,上海爱拍拍电子商务有限公司
7639,所属公司,北京心联光电科技有限公司
7640,所属公司,北京京东世纪贸易有限公司
7641,所属公司,国开启科量子技术（北京）有限公司
7642,所属公司,北京京东尚科信息技术有限公司
7643,所属公司,深圳欧创芯半导体有限公司
7644,所属公司,量子科技长三角产业创新中心
7645,所属公司,智慧互通科技股份有限公司
7646,所属公司,象谱信息产业有限公司
7647,所属公司,赛维森（广州）医疗科技服务有限公司
7648,所属公司,北京菱云科技有限公司
7649,所属公司,万龙时代科技有限公司
7650,所属公司,达沃思咨询（深圳）有限公司
7651,所属公司,湖南知舍装饰设计工程有限公司
7652,所属公司,杭州菩公英科技有限公司
7653,所属公司,方正电机（德清）有限公司
7654,所属公司,阿里巴巴科技（北京）有限公司
7655,所属公司,海宁市海狮科技有限责任公司
7656,所属公司,江苏兆维塑料科技有限公司
7657,所属公司,艾索信息股份有限公司
7658,所属公司,浙江睿熙科技有限公司
7659,所属公司,湖北平安电工科技股份公司
7660,所属公司,东莞兰卫医学检验实验室有限公司
7661,所属公司,豪威芯仑传感器（上海）有限公司
7662,所属公司,深圳市比一比网络科技有限公司
7663,所属公司,智云安科技（北京）有限公司
7664,所属公司,达师兄（上海）网络科技有限公司
7665,所属公司,北京罗克维尔斯科技有限公司
7666,所属公司,北京盼达信息技术有限公司
7667,所属公司,贵州九尊实业（集团）有限公司
7668,所属公司,杭州华为企业通信技术有限公司
7669,所属公司,谷东科技有限公司
7670,所属公司,比亚迪精密制造有限公司
7671,所属公司,合肥力拓云计算科技有限公司铜陵分公司
7672,所属公司,深圳市特安电子有限公司
7673,所属公司,上海洪朴信息科技有限公司
7674,所属公司,浙江锌芯友好环境材料科技有限公司
7675,所属公司,北京奥特美克科技股份有限公司
7676,所属公司,中科碳元（深圳）生物科技有限公司
7677,所属公司,华为软件技术有限公司
7678,所属公司,湖南博翔新材料有限公司
7679,所属公司,昆山中科晶上信息技术有限公司
7680,所属公司,浙江海正药业股份有限公司
7681,所属公司,深圳顺丰泰森控股（集团）有限公司
7682,所属公司,上海菲远达环保集团有限公司
7683,所属公司,北京易控智驾科技有限公司
7684,所属公司,百度（中国）有限公司
7685,所属公司,苏州万店掌网络科技有限公司
7686,所属公司,中山市宇灵服装有限公司
7687,所属公司,四川达善科技有限公司
7688,所属公司,北京沃东天骏信息技术有限公司
7689,所属公司,广东益者三人行科技有限公司
7690,所属公司,赛尔托马斯生物科技（成都）有限公司
7691,所属公司,上海默乐光检科技有限公司
7692,所属公司,深圳TCL数字技术有限公司
7693,所属公司,杭州华为企业通信技术有限公司
7694,所属公司,北京京东叁佰陆拾度电子商务有限公司
7695,所属公司,江苏蓝慧智能装备科技有限公司
7696,所属公司,上海拓勉电子科技有限公司
7697,所属公司,展讯通信（上海）有限公司
7698,所属公司,深圳市雄帝科技股份有限公司
7699,所属公司,碳纪科技（北京）有限公司
7700,所属公司,深圳奇境森林科技有限公司
7701,所属公司,上海渠恩企业管理咨询有限公司
7702,所属公司,嘉兴汉微半导体有限公司
7703,所属公司,上海懿贝瑞生物医药科技有限公司
7704,所属公司,智慧互通科技股份有限公司
7705,所属公司,象谱信息产业有限公司
7706,所属公司,赛维森（广州）医疗科技服务有限公司
7707,所属公司,北京菱云科技有限公司
7708,所属公司,万龙时代科技有限公司
7709,所属公司,北京百度网讯科技有限公司
7710,所属公司,深圳波特时空科技有限公司
7711,所属公司,东莞兰卫医学检验实验室有限公司
7712,所属公司,豪威芯仑传感器（上海）有限公司
7713,所属公司,智云安科技（北京）有限公司
7714,所属公司,达师兄（上海）网络科技有限公司
7715,所属公司,北京罗克维尔斯科技有限公司
7716,所属公司,春秋航空股份有限公司
7717,所属公司,黑龙江融悦和科技有限责任公司
7718,所属公司,深圳顺丰泰森控股（集团）有限公司
7719,所属公司,北京锐腾海林文化发展有限公司
7720,所属公司,杭州景业智能科技股份有限公司
7721,所属公司,浙江电驱动创新中心有限公司
7722,所属公司,北京理工亘舒科技有限公司
7723,所属公司,优尼科（青岛）微电子有限公司
7724,所属公司,超音速人工智能科技股份有限公司
7725,所属公司,鼎捷软件股份有限公司
7726,所属公司,软视视频软件（杭州）有限公司
7727,所属公司,北京数原数字化城市研究中心
7728,所属公司,亚马逊（中国）投资有限公司
7729,所属公司,深圳易直新技术有限公司
7730,所属公司,浙江高美生物科技有限公司
7731,所属公司,宽凳（北京）科技有限公司
7732,所属公司,平方和（北京）科技有限公司
7733,所属公司,深圳市联新移动医疗科技有限公司
7734,所属公司,深圳市航盛电子股份有限公司
7735,所属公司,北京智源人工智能研究院
7736,所属公司,苏州威达智科技股份有限公司
7737,所属公司,加特兰微电子科技（上海）有限公司
7738,所属公司,炫途储能科技（上海）有限公司
7739,所属公司,三一重工股份有限公司
7740,所属公司,环球数科集团有限公司
7741,所属公司,上海旺链信息科技有限公司
7742,所属公司,青岛汉威道尔新能源装备科技有限公司
7743,所属公司,抖音有限公司
7744,所属公司,上海观链科技有限公司
7745,所属公司,网智天元科技集团股份有限公司
7746,所属公司,上海安势信息技术有限公司
7747,所属公司,联通（四川）产业互联网有限公司
7748,所属公司,昆高新芯微电子（江苏）有限公司
7749,所属公司,华润数字科技有限公司
7750,所属公司,浙江吉利控股集团有限公司
7751,所属公司,东莞市派乐玛新材料技术开发有限公司
7752,所属公司,浙江纳诺杰特光电科技有限公司
7753,所属公司,杭州三花研究院有限公司
7754,所属公司,珠海中慧微电子有限公司
7755,所属公司,上海鱼微阿科技有限公司
7756,所属公司,北京嘉华颐和科技有限公司
7757,所属公司,深兰科技（上海）有限公司
7758,所属公司,南昌欧菲信息产业有限公司
7759,所属公司,中科智远信息科技有限公司
7760,所属公司,"
上海仪电人工智能...
"
7761,所属公司,成都小火科技有限公司
7762,所属公司,联固新材料科技（安徽）有限公司
7763,所属公司,浙江省北大信息技术高等研究院
7764,所属公司,北京京东健康有限公司
7765,所属公司,北京知道创宇信息技术股份有限公司
7766,所属公司,北京博电新力电气股份有限公司
7767,所属公司,广东保伦电子股份有限公司
7768,所属公司,百图生科（北京）智能技术有限公司
7769,所属公司,青冈县鞠氏商贸有限公司
7770,所属公司,宏芯科技（泉州）有限公司
7771,所属公司,昆仑数智科技有限责任公司
7772,所属公司,德智舜程（北京）科技有限公司
7773,所属公司,嘉兴欣贝莱生物科技有限公司
7774,所属公司,鸿元信息科技（上海）有限公司
7775,所属公司,苏州富鑫林光电科技有限公司
7776,所属公司,天翼交通科技有限公司
7777,所属公司,北京中航智科技有限公司
7778,所属公司,安徽科力信息产业有限责任公司
7779,所属公司,上海宇道生物技术有限公司
7780,所属公司,京东方科技集团股份有限公司
7781,所属公司,江苏安防科技有限公司
7782,所属公司,上海仕欧炆基因科技有限公司
7783,所属公司,大富科技（安徽）股份有限公司沙井分公司
7784,所属公司,上海粒成生物科技有限公司
7785,所属公司,浪潮通用软件有限公司
7786,所属公司,特斯联科技集团有限公司
7787,所属公司,智慧眼科技股份有限公司
7788,所属公司,北京泰尔英福科技有限公司
7789,所属公司,深圳艾文哲思科技有限公司
7790,所属公司,威胜集团有限公司
7791,所属公司,北京理工大学前沿技术研究院
7792,所属公司,上海微创医疗机器人（集团）股份有限公司
7793,所属公司,杭州诺辉健康科技有限公司
7794,所属公司,广东省电信规划设计院有限公司
7795,所属公司,北京透彻未来科技有限公司
7796,所属公司,青岛海信网络科技股份有限公司
7797,所属公司,柔星科技（深圳）有限公司
7798,所属公司,上海佑诗私募基金管理有限公司
7799,所属公司,上海孛璞半导体技术有限公司
7800,所属公司,阿呆科技（北京）有限公司
7801,所属公司,浙江龙传生物医药科技有限公司
7802,所属公司,未来（北京）黑科技有限公司
7803,所属公司,欣欣相融教育科技（北京）有限公司
7804,所属公司,北京航空航天大学
7805,所属公司,电科云（北京）科技有限公司
7806,所属公司,湖南视比特机器人有限公司
7807,所属公司,上海人工智能创新中心
7808,所属公司,北京周周大麦科技有限公司
7809,所属公司,北京算力大陆科技有限公司
7810,所属公司,四川三思德科技有限公司
7811,所属公司,深圳云天励飞技术股份有限公司
7812,所属公司,华为云计算技术有限公司
7813,所属公司,荣耀终端有限公司
7814,所属公司,华为技术有限公司
7815,所属公司,惠州比亚迪电子有限公司
7816,所属公司,上海索辰信息科技股份有限公司
7817,所属公司,上海华为技术有限公司
7818,所属公司,深圳联合飞机科技有限公司
7819,所属公司,上海设序科技有限公司
7820,所属公司,神思电子技术股份有限公司
7821,所属公司,国网智能科技股份有限公司
7822,所属公司,深圳吉阳智能科技有限公司
7823,所属公司,北京京东尚科信息技术有限公司
7824,所属公司,北京小米移动软件有限公司
7825,所属公司,北京京东世纪贸易有限公司
7826,所属公司,浙江同花顺智能科技有限公司
7827,所属公司,江苏索特电子材料有限公司
7828,所属公司,比亚迪汽车工业有限公司
7829,所属公司,北京京邦达贸易有限公司
7830,所属公司,北京易控智驾科技有限公司
7831,所属公司,北京荣耀终端有限公司
7832,所属公司,比亚迪汽车有限公司
7833,所属公司,上海天衾实业有限公司
7834,所属公司,成都华为技术有限公司
7835,所属公司,福建中科光芯光电科技有限公司
7836,所属公司,量子科技长三角产业创新中心
7837,所属公司,百度（中国）有限公司
7838,所属公司,深圳市特安电子有限公司
7839,所属公司,西安中科光电精密工程有限公司
7840,所属公司,深圳市比一比网络科技有限公司
7841,所属公司,苏州四方杰芯电子科技有限公司
7842,所属公司,杭州华为企业通信技术有限公司
7843,所属公司,浙江海正药业股份有限公司
7844,所属公司,北京心联光电科技有限公司
7845,所属公司,深圳市精锋医疗科技股份有限公司
7846,所属公司,鼎捷软件股份有限公司
7847,所属公司,亚马逊（中国）投资有限公司
7848,所属公司,浙江高美生物科技有限公司
7849,所属公司,苏州佳祺仕科技股份有限公司
7850,所属公司,苏州威达智科技股份有限公司
7851,所属公司,四川达善科技有限公司
7852,所属公司,上海鱼微阿科技有限公司
7853,所属公司,联固新材料科技（安徽）有限公司
7854,所属公司,百图生科（北京）智能技术有限公司
7855,所属公司,上海懿贝瑞生物医药科技有限公司
7856,所属公司,广州市大家发投资有限公司
7857,所属公司,浪潮通用软件有限公司
7858,所属公司,谷东科技有限公司
7859,所属公司,浙江龙传生物医药科技有限公司
7860,所属公司,金龙联合汽车工业（苏州）有限公司
7861,所属公司,京东方科技集团股份有限公司
7862,所属公司,美嘉利河北医疗器械物流有限公司
7863,所属公司,文山思颖科技开发有限公司
7864,所属公司,宝鸡微光电子科技有限公司
7865,所属公司,河南航天金盾网络科技有限公司许昌分公司
7866,所属公司,四川源驰网络有限公司
7867,所属公司,无锡小爱电气有限公司
7868,所属公司,河北天翼科贸发展有限公司
7869,所属公司,浙江泰源科技有限公司
7870,所属公司,广西汉王天锦信息技术有限公司
7871,所属公司,昆明昂图科技有限公司
7872,所属公司,宁夏中舟智联网络科技有限公司
7873,所属公司,成都华天世纪科技有限公司
7874,所属公司,中钞科堡现金处理技术（北京）有限公司
7875,所属公司,辽宁冠林电子科技有限公司
7876,所属公司,宁波永尚机械有限公司
7877,所属公司,深圳中航信息产业集团股份有限公司
7878,所属公司,广西中米农业有限公司
7879,所属公司,贵州博瑞吉信息技术有限责任公司
7880,所属公司,深圳市澳华集团股份有限公司
7881,所属公司,青岛康裕达科技有限公司
7882,所属公司,四平市新元信息技术有限公司
7883,所属公司,吉林省天宠科技有限公司
7884,所属公司,哈尔滨惊愫商贸有限公司
7885,所属公司,广西聚福锐信息科技有限公司
7886,所属公司,内蒙古广泰科技有限公司
7887,所属公司,河南省盈鑫环保科技有限公司
7888,所属公司,湖南天研智云信息科技有限公司
7889,所属公司,微医控股有限公司
7890,所属公司,普天智慧城市投资江苏有限公司
7891,所属公司,邯郸开发区鼎康机动车检测有限公司
7892,所属公司,湖南省通晓信息科技有限公司
7893,所属公司,冠新软件股份有限公司
7894,所属公司,广西国信云服科技有限公司
7895,所属公司,广州飞锐机器人科技有限公司
7896,所属公司,北京北大方正电子有限公司
7897,所属公司,武汉易安世纪信息技术有限公司
7898,所属公司,新世（辽宁）生态环境科技有限公司
7899,所属公司,浙江优选网络科技有限公司
7900,所属公司,上海启顺信息技术有限公司
7901,所属公司,中国广电江西网络有限公司奉新县分公司
7902,所属公司,广州市展翼通信科技有限公司
7903,所属公司,重庆小梨科技有限公司
7904,所属公司,网银在线（北京）商务服务有限公司
7905,所属公司,郑州富铭科技股份有限公司
7906,所属公司,北京世博恒通科技有限公司
7907,所属公司,丹东瑞特科技有限公司
7908,所属公司,天津勤行网络科技发展有限公司
7909,所属公司,北京广赢佳科技有限公司
7910,所属公司,重庆源永祺科技有限公司
7911,所属公司,河北本鉴云网络科技有限公司
7912,所属公司,北京垚鑫同创科技有限公司
7913,所属公司,甘肃中盛能源环境工程有限公司
7914,所属公司,天津市北洋之光科技发展有限公司
7915,所属公司,南京禹顺环保科技有限公司
7916,所属公司,内蒙古中叶信息技术有限责任公司
7917,所属公司,北京佳网科技有限责任公司呼伦贝尔市分公司
7918,所属公司,大连网医信联科技有限公司
7919,所属公司,沈阳聚尚网络科技有限公司
7920,所属公司,贵州致服科技有限责任公司
7921,所属公司,山西轩创力行科技有限公司
7922,所属公司,山西世纪同兴科技股份有限公司
7923,所属公司,重庆巴实游信息技术有限公司
7924,所属公司,辽宁泽尔阳光环境科技有限公司
7925,所属公司,山东中节能天融环保技术有限公司北京分公司
7926,所属公司,中科锐眼（天津）科技有限公司
7927,所属公司,辽宁玉晟科技有限公司
7928,所属公司,广西煜昇电子科技有限公司
7929,所属公司,内蒙古蓝奕信息技术服务有限公司
7930,所属公司,襄阳天智信息科技有限公司
7931,所属公司,深圳云合盛科技有限公司
7932,所属公司,张掖金志信息技术有限公司
7933,所属公司,福建千臣智能信息科技有限公司
7934,所属公司,内蒙古奇云网络技术有限公司
7935,所属公司,"
越成信息
"
7936,所属公司,珠海剑盾网络科技有限公司
7937,所属公司,江苏思行达信息技术有限公司
7938,所属公司,天津云途科技有限公司
7939,所属公司,包头世纪创业科技发展有限公司
7940,所属公司,安徽格雷皖创信息科技有限公司
7941,所属公司,长治市互邦软件工程有限公司
7942,所属公司,湖北数安科技有限公司
7943,所属公司,北京认知云科技有限公司
7944,所属公司,汉中泊知安实业有限公司
7945,所属公司,武汉飞鸟云科技有限公司
7946,所属公司,湖南勤惟信信息科技有限公司
7947,所属公司,基准方中建筑设计股份有限公司合肥分公司
7948,所属公司,河南蛮蛮云计算技术有限公司
7949,所属公司,珠海市万晟达科技发展有限公司
7950,所属公司,平耀能源科技（辽宁）有限公司
7951,所属公司,齐齐哈尔市聚合科技有限公司
7952,所属公司,江西龙脉工程设计有限公司
7953,所属公司,北京艾可马恩信息科技有限公司
7954,所属公司,三明市和丰通信信息服务有限公司
7955,所属公司,天津联筑建筑科技有限公司
7956,所属公司,西安快邦云科信息技术有限公司
7957,所属公司,中国联合网络通信有限公司鹿寨县分公司
7958,所属公司,沈阳互联信息技术有限公司
7959,所属公司,深圳市培林体育科技有限公司
7960,所属公司,北京九州瀚诺企业管理有限公司
7961,所属公司,唐山新耀达科技有限公司
7962,所属公司,广东科信安信息技术有限公司
7963,所属公司,江苏达科信息科技有限公司
7964,所属公司,泉州丰泽长庚医院有限公司
7965,所属公司,呼和浩特市蒙防检测服务有限公司
7966,所属公司,郑州圣之成通信科技有限公司
7967,所属公司,海南蓝点计算机网络工程有限公司
7968,所属公司,北京世博恒通科技有限公司
7969,所属公司,黑龙江天乐达智能显示科技有限公司
7970,所属公司,上海快酷网络科技有限公司
7971,所属公司,珠海世纪鼎利科技股份有限公司
7972,所属公司,漳州市新启航信息科技有限公司
7973,所属公司,广西汇添诚网络科技有限公司
7974,所属公司,山西灿森网络科技有限公司
7975,所属公司,江西奥士信息技术有限公司铜锣湾营业部
7976,所属公司,山西博誉工程咨询有限公司
7977,所属公司,内蒙古正鹏电子工程有限公司
7978,所属公司,广州北络智能科技有限公司
7979,所属公司,山西鑫泽慧建筑有限公司
7980,所属公司,衡阳众德智能科技有限公司
7981,所属公司,绥中县方舟建筑设计有限公司
7982,所属公司,抚顺固磊建筑工程有限公司
7983,所属公司,金华中兴通信技术有限公司
7984,所属公司,河北普为信息技术有限公司
7985,所属公司,张掖金志信息技术有限公司
7986,所属公司,重庆乾兴信息技术有限公司
7987,所属公司,山西诺翔科技信息有限公司
7988,所属公司,郑州智景科技有限公司
7989,所属公司,乐山市骏马奔腾广告有限公司
7990,所属公司,济南元科电子有限公司
7991,所属公司,山西涵园绿化建设工程有限公司
7992,所属公司,武夷山建筑设计研究院有限公司南平分公司
7993,所属公司,咸阳中远电子有限公司
7994,所属公司,四川贝聚科技有限公司
7995,所属公司,"
陕西华捷
"
7996,所属公司,哈尔滨守初电子有限公司
7997,所属公司,绥中求索软件科技有限公司
7998,所属公司,海城市东升钢构彩板有限公司
7999,所属公司,思渡技术服务（昆明）有限公司
8000,所属公司,浙江泊库岛停车管理有限公司
8001,所属公司,河北立博汽车科技有限公司
8002,所属公司,自贡兴建建设项目管理有限公司
8003,所属公司,山西中软联创信息科技有限公司
8004,所属公司,江西领域建筑设计有限公司
8005,所属公司,锐捷网络股份有限公司
8006,所属公司,河南省盈鑫环保科技有限公司
8007,所属公司,北京东青互联科技有限公司
8008,所属公司,山西神剑建设监理有限公司
8009,所属公司,上海数采物联网科技有限公司
8010,所属公司,河北润华工程建设设计有限公司
8011,所属公司,河北英科石化工程有限公司大连分公司
8012,所属公司,"
淘鱼科技
"
8013,所属公司,杭州云众互联科技有限公司
8014,所属公司,武汉赢月网络科技有限公司
8015,所属公司,邯郸物效科技有限公司
8016,所属公司,长春博达汽车零部件有限公司
8017,所属公司,池州秉恒知识产权代理事务所（普通合伙）
8018,所属公司,深圳禾宇科技有限公司
8019,所属公司,广东诺其信息科技有限公司
8020,所属公司,郑州四通系统集成有限公司
8021,所属公司,上海泛微网络科技股份有限公司
8022,所属公司,扬州科瑞信息技术有限公司
8023,所属公司,桂林启晟电子科技有限公司
8024,所属公司,中广核贝谷科技有限公司
8025,所属公司,西安开拓电气有限公司
8026,所属公司,未知
8027,所属公司,上海观安信息技术股份有限公司
8028,所属公司,广州市白云区永平精锐科技商行
8029,所属公司,宁夏浩航工程咨询有限公司
8030,所属公司,玲珑一行（重庆）科技有限公司
8031,所属公司,数创千汇（河南）信息技术有限公司
8032,所属公司,沈阳盈好机械有限公司
8033,所属公司,昆山市花桥镇博才网络技术服务工作室
8034,所属公司,四川毫厘米工程质量检测有限公司
8035,所属公司,青岛铭尚电子信息工程有限公司
8036,所属公司,山西晋芯科技有限公司
8037,所属公司,青岛康裕达科技有限公司
8038,所属公司,中数未来（辽宁）科技有限公司
8039,所属公司,长春鼎龙汽车科技有限公司
8040,所属公司,任子行网络技术股份有限公司
8041,所属公司,广东瑞兴工程设计有限公司
8042,所属公司,方舟工程管理有限公司
8043,所属公司,广西太极华青信息系统有限公司
8044,所属公司,北京镭硼科技有限责任公司
8045,所属公司,中伦建筑工程设计有限公司川北设计院
8046,所属公司,广电计量检测集团股份有限公司
8047,所属公司,辽宁创合建设工程技术有限公司
8048,所属公司,长春市锐鑫自动化科技有限公司
8049,所属公司,广州比木云建筑科技有限公司
8050,所属公司,四川瑞晨消防工程有限公司
8051,所属公司,苏州源金佳建筑装饰工程有限公司
8052,所属公司,贵州泓禹顺水利工程有限公司
8053,所属公司,广西冠安消防智能工程有限公司
8054,所属公司,娄底宇麒科技有限责任公司
8055,所属公司,安徽艾特斯电力科技有限公司
8056,所属公司,沈阳德创工业设计有限公司
8057,所属公司,江西优联荟智能科技有限公司
8058,所属公司,冠新软件股份有限公司
8059,所属公司,亚信科技（成都）有限公司
8060,所属公司,中联玉德设计咨询有限公司
8061,所属公司,安庆市宾利知识产权运营管理有限公司
8062,所属公司,营口绿泽环保管家有限公司
8063,所属公司,惠州华厦工程咨询有限公司
8064,所属公司,贵州动点世纪科技有限公司
8065,所属公司,湖南力光信息技术有限公司
8066,所属公司,苏州宇恒交通工具设计有限公司
8067,所属公司,唐山大有众德科技有限公司
8068,所属公司,河北尚智电子科技有限公司
8069,所属公司,广西中准检测技术有限公司
8070,所属公司,深圳市小河狸科技有限公司
8071,所属公司,贵州聚控云科技有限公司
8072,所属公司,南通森淼船舶技术有限公司
8073,所属公司,安徽江北美图信息科技有限公司
8074,所属公司,广州方圆建筑信息技术咨询有限公司
8075,所属公司,四川麦和盛建设工程有限公司
8076,所属公司,贵州致服科技有限责任公司
8077,所属公司,合肥峰昶银晟科技有限公司
8078,所属公司,浙江欣尚工程设计有限公司东阳分公司
8079,所属公司,山西巨安电子技术股份有限公司
8080,所属公司,华勤技术股份有限公司
8081,所属公司,重庆宁创幕墙工程有限公司
8082,所属公司,衡水诚瑞商贸有限公司
8083,所属公司,河北厚朴德工程技术咨询有限公司
8084,所属公司,"
弥天互娱
"
8085,所属公司,天津诺惟思科技服务有限公司
8086,所属公司,"
广西子森
"
8087,所属公司,浙江阿帕奇信息技术有限公司
8088,所属公司,杭州启飞智能科技有限公司
8089,所属公司,浙江地标设计集团有限公司台州分公司
8090,所属公司,大连维森泰柯工业自动化有限公司
8091,所属公司,毕姆建筑科技（杭州）有限责任公司
8092,所属公司,柒柒网络科技（辽宁）有限公司鞍山分公司
8093,所属公司,河北金地科技发展集团有限公司
8094,所属公司,江苏思鸿智能科技有限公司
8095,所属公司,沈阳市启原科技有限公司
8096,所属公司,哈尔滨美亦科技有限公司
8097,所属公司,辽宁利检全测校准测试技术有限公司
8098,所属公司,河南皓方工程管理有限公司
8099,所属公司,云南兆富科技有限公司
8100,所属公司,科大讯飞保定科技有限公司
8101,所属公司,湖北海沐工程咨询有限公司
8102,所属公司,浙江同伟信息技术有限公司
8103,所属公司,北海翼沃通网络科技有限公司
8104,所属公司,大连三鼎建设工程有限公司
8105,所属公司,宿州仕良信息科技有限公司
8106,所属公司,广州市三地信息技术有限公司
8107,所属公司,湖南远卓建设工程管理有限公司
8108,所属公司,广东源丰环境生态科技有限公司
8109,所属公司,宁夏通捷信息技术咨询服务有限公司
8110,所属公司,四川久远智能监控有限责任公司
8111,所属公司,南宁市迈越软件有限责任公司
8112,所属公司,四川鼎恒永宏会计师事务所有限责任公司
8113,所属公司,重庆恒承瑶工程造价咨询有限公司
8114,所属公司,山西云之巽文化发展有限公司
8115,所属公司,中京华（北京）工程咨询有限公司甘肃分公司
8116,所属公司,淮北市力天装璜广告有限公司
8117,所属公司,用友网络科技股份有限公司
8118,所属公司,沈阳瑞荣机械有限公司
8119,所属公司,云南坦盛岩土工程有限公司
8120,所属公司,成都猛擎世纪信息技术有限公司
8121,所属公司,烽火祥云网络科技有限公司
8122,所属公司,江苏东印智慧工程技术研究院有限公司
8123,所属公司,明光市双亿工程科技有限公司
8124,所属公司,四川中成招通工程项目管理有限公司
8125,所属公司,广州云翔信息科技有限公司
8126,所属公司,河南航天金盾网络科技有限公司
8127,所属公司,郑州民融建筑安装有限公司
8128,所属公司,万维云（广州）技术服务有限公司
8129,所属公司,上饶市毅敏化工有限公司
8130,所属公司,广西鹏鸣建筑劳务有限公司
8131,所属公司,陕西众智睿达信息科技有限公司
8132,所属公司,陕西海景园林景观设计集团有限公司
8133,所属公司,广东建中工程有限公司
8134,所属公司,广安旅投工程咨询有限公司
8135,所属公司,江苏恒辉安防股份有限公司
8136,所属公司,河南翔宇医疗设备股份有限公司
8137,所属公司,齐齐哈尔市聚合科技有限公司
8138,所属公司,河北浚源工程勘察设计有限公司南京分公司
8139,所属公司,河北比穆建筑科技有限公司
8140,所属公司,信宇腾远工程咨询集团有限公司丽江分公司
8141,所属公司,福建网信安服信息科技有限公司
8142,所属公司,天津藏金时代科技发展有限公司
8143,所属公司,宁夏安达远网络科技有限公司
8144,所属公司,青润工程设计有限公司
8145,所属公司,大连大松樱桃种植有限公司
8146,所属公司,河北金安鸿环检测技术咨询有限公司
8147,所属公司,广州黄埔建筑设计院有限公司太原分公司
8148,所属公司,觉诚（新兴县）建筑工程有限公司
8149,所属公司,四川中鑫电力设计有限公司
8150,所属公司,广东朗鑫建筑科技有限公司
8151,所属公司,上海环鸣信息科技有限公司
8152,所属公司,上海业可机电设备有限公司
8153,所属公司,深圳通维电力科技有限公司
8154,所属公司,沈阳民航东北凯亚有限公司
8155,所属公司,嘉兴市谷泰信息技术有限公司
8156,所属公司,陕西中泽信达信息科技有限公司
8157,所属公司,浙江广通工程咨询有限公司台州路桥分公司
8158,所属公司,安徽华远水利规划设计有限公司
8159,所属公司,广东正峰建设工程有限公司
8160,所属公司,广东东亚电器有限公司
8161,所属公司,陕西国金物资有限公司
8162,所属公司,"
信安工程监理
"
8163,所属公司,陕西川棉际华印染有限公司
8164,所属公司,陕西雒佺软件技术有限公司
8165,所属公司,新疆疆承项目管理有限责任公司
8166,所属公司,湖南五棵松工程设计有限公司
8167,所属公司,江阴市远洋水处理有限公司
8168,所属公司,深圳市思承电子有限公司
8169,所属公司,上海衫木汽车工程技术有限公司
8170,所属公司,河北道威科技有限公司
8171,所属公司,上海同旗建筑工程技术有限公司
8172,所属公司,黑河佳宏工程项目管理咨询有限公司
8173,所属公司,中软科信息科技（太仓）有限公司
8174,所属公司,重庆诚衡电气设备有限公司
8175,所属公司,亿家（江苏）网络技术有限公司
8176,所属公司,中科标禾工程项目管理有限公司
8177,所属公司,辽宁省中安信科技合伙企业（有限合伙）
8178,所属公司,柯越自动化科技（武汉）有限公司
8179,所属公司,广东汇金电子科技有限公司
8180,所属公司,上海科探信息技术有限公司
8181,所属公司,山东汉昇环保技术服务有限公司
8182,所属公司,金中方工程项目管理有限公司
8183,所属公司,西安炎易丰景信息科技有限公司
8184,所属公司,重庆快润科技有限公司
8185,所属公司,深圳市一漫科技有限公司
8186,所属公司,北京华远嘉信科技有限公司
8187,所属公司,江苏安航科技有限公司
8188,所属公司,阳泉融智新创商贸有限公司
8189,所属公司,嘉兴市宇禾环保技术有限公司
8190,所属公司,广西收米吧数据处理服务有限公司
8191,所属公司,兰州宜元中林电子科技有限公司
8192,所属公司,先之（杭州）教育科技有限公司
8193,所属公司,内蒙古金讯网络科技有限公司
8194,所属公司,长春信航科技有限公司
8195,所属公司,滕州市尚大自动化装备有限公司
8196,所属公司,广州市概点信息科技有限公司
8197,所属公司,河北新源建设工程有限公司
8198,所属公司,上海信联信息发展股份有限公司
8199,所属公司,湖北华胜建设项目管理有限公司
8200,所属公司,北京智源视界科技有限公司
8201,所属公司,安波福电气系统有限公司
8202,所属公司,珠海庆鸿药业有限公司
8203,所属公司,珠海市万晟达科技发展有限公司
8204,所属公司,内蒙古安洛凯工程技术咨询有限公司
8205,所属公司,青海卓越索学教育科技有限公司
8206,所属公司,无锡英臻科技有限公司
8207,所属公司,河南鸿吉电子科技有限公司
8208,所属公司,辽宁铭轩建筑工程有限公司
8209,所属公司,陕西远方时空电梯工程有限公司
8210,所属公司,肇庆市诺德环保科技有限公司
8211,所属公司,上海天祥质量技术服务有限公司
8212,所属公司,开元数智工程咨询集团有限公司
8213,所属公司,深圳骏辉科技有限公司
8214,所属公司,临汾市丽乾科技有限公司
8215,所属公司,祥云电子（漳州）有限公司
8216,所属公司,林峰脉俞建安装工程有限公司四分公司
8217,所属公司,美尚（广州）医疗科技有限公司
8218,所属公司,陕西巨创引擎科技有限公司
8219,所属公司,北京优优网信息技术有限公司
8220,所属公司,鼎正建筑设计有限公司新疆分公司
8221,所属公司,平顶山市石基商贸有限公司
8222,所属公司,安徽引途科技有限公司
8223,所属公司,江苏勤劳人通信技术有限公司
8224,所属公司,中电科普天科技股份有限公司
8225,所属公司,公诚管理咨询有限公司
8226,所属公司,太原韵络系统集成有限公司
8227,所属公司,珠海世纪鼎利科技股份有限公司
8228,所属公司,西安纳维通信技术有限公司
8229,所属公司,阿克苏市尚韵广告有限公司
8230,所属公司,新疆巨友电子技术有限公司
8231,所属公司,深圳键桥轨道交通有限公司
8232,所属公司,天津丰瑞电力技术有限公司
8233,所属公司,合肥中瑞信达信息科技有限公司上海分公司
8234,所属公司,常德市德信通通信工程有限公司
8235,所属公司,珠海市质时空科技有限公司
8236,所属公司,大连提姆家商贸商行
8237,所属公司,西安筑美科技工程有限公司
8238,所属公司,河南良瑞医疗器械有限公司
8239,所属公司,吉讯股份有限公司河南分公司
8240,所属公司,润理供应链管理（上海）有限公司
8241,所属公司,安徽国睿信息安全科技有限公司
8242,所属公司,惠州市岚图科技有限公司
8243,所属公司,成都蜀诚通信技术有限公司
8244,所属公司,南京协之远信息技术有限公司
8245,所属公司,山西汇天信达科技有限公司
8246,所属公司,大连海校船舶技术有限公司
8247,所属公司,湖北德睿通信技术有限公司
8248,所属公司,公诚管理咨询有限公司山西分公司
8249,所属公司,北京天宇讯联科技有限公司
8250,所属公司,郑州市豫诚通信服务有限公司
8251,所属公司,河北朗初科技有限公司
8252,所属公司,天津京信通信系统有限公司江苏分公司
8253,所属公司,华象观信（北京）科技有限公司
8254,所属公司,河南索贝网络科技有限公司
8255,所属公司,台州维创信息技术咨询有限公司
8256,所属公司,常德市红海物业管理有限公司
8257,所属公司,山东乐盈通信技术有限公司
8258,所属公司,中屹技术有限公司
8259,所属公司,北京电旗通讯技术股份有限公司
8260,所属公司,山西中毅工程质量检测有限公司
8261,所属公司,新疆亿驰电气科技有限公司
8262,所属公司,江苏德是和通信科技有限公司
8263,所属公司,中移铁通有限公司晋中分公司寿阳县支撑服务中心
8264,所属公司,广州粤新能科技有限公司
8265,所属公司,广西堂吉诃德科技有限公司
8266,所属公司,山东鑫鲁杰信息科技有限公司
8267,所属公司,江苏泽宇智能电力股份有限公司
8268,所属公司,襄阳市光迅电子科技有限公司
8269,所属公司,肇庆市创兴信息科技有限公司
8270,所属公司,内蒙古东润能源科技有限公司
8271,所属公司,甘肃合创信息技术有限公司
8272,所属公司,邯郸城融网络技术有限公司
8273,所属公司,山西联讯达建设工程有限公司
8274,所属公司,河南航天金盾网络科技有限公司
8275,所属公司,芜湖本初子午信息技术有限公司
8276,所属公司,北京肯思捷信息系统咨询有限公司辽宁分公司
8277,所属公司,广东信通通信有限公司广州分公司
8278,所属公司,开封市利业通信工程有限公司
8279,所属公司,江苏旺诚控股集团有限公司
8280,所属公司,山东东昊智能科技发展有限公司
8281,所属公司,武汉维京电气系统工程有限责任公司
8282,所属公司,保定市长林科锐电子有限公司
8283,所属公司,北京盟力星科技有限公司
8284,所属公司,申华国建（广东）技术有限公司
8285,所属公司,广州华讯建设有限公司
8286,所属公司,深圳市通美通信有限公司
8287,所属公司,北京联航讯达通信技术有限公司
8288,所属公司,山东百泰精创电力有限公司
8289,所属公司,江西沃之隆信息科技有限公司
8290,所属公司,福建仁合教育科技有限公司
8291,所属公司,云南佑佰科技有限公司
8292,所属公司,湖北雨燕通信科技有限公司
8293,所属公司,杭州纳瑞育新科技有限责任公司
8294,所属公司,广东建业环境检测技术有限公司
8295,所属公司,杭州朗电科技有限公司
8296,所属公司,天津滨海高新区五洲科技有限公司
8297,所属公司,杭州江羽通信设计咨询有限公司
8298,所属公司,上海云瑞智通实业有限公司
8299,所属公司,上海三笃工程管理服务有限公司
8300,所属公司,内蒙古申科国土技术有限责任公司
8301,所属公司,昆明东创亿维数码科技有限公司
8302,所属公司,济南博瑞达通讯技术有限公司
8303,所属公司,北京千成永泰通信工程有限公司
8304,所属公司,上海谛脉通信技术有限公司
8305,所属公司,茂名市东南高级技工学校
8306,所属公司,深圳市天翊瑞霖智能科技有限公司广西分公司
8307,所属公司,广州市伟粤通讯设备有限公司
8308,所属公司,河北卓佳电子科技有限公司
8309,所属公司,河北鸿联九五信息产业有限公司
8310,所属公司,厦门身心财健康科技有限公司
8311,所属公司,希诺麦田技术（深圳）有限公司
8312,所属公司,景德镇市中润陶瓷有限公司
8313,所属公司,福建茂荣睿智信息科技有限公司
8314,所属公司,武汉世捷通网络信息技术有限公司
8315,所属公司,威海精讯畅通电子科技有限公司
8316,所属公司,淮南市希望办公设备有限公司
8317,所属公司,河南昊琦科技有限公司
8318,所属公司,河南智和通信技术有限公司
8319,所属公司,曙光信息产业（北京）有限公司
8320,所属公司,包头市金澜网络科技有限公司
8321,所属公司,临汾市诺安消防产品有限公司
8322,所属公司,济南网桥电子技术有限公司
8323,所属公司,埃夫科纳（南充）特种聚合物有限公司
8324,所属公司,河南颢焱通信技术有限公司
8325,所属公司,安徽长泰科技有限公司
8326,所属公司,天津海润海上技术股份有限公司
8327,所属公司,广东华讯网络有限公司韶关分公司
8328,所属公司,江苏有信互联网计算机科技有限公司
8329,所属公司,广州天诚伟业通信科技有限公司
8330,所属公司,邯郸市金世达科技有限公司
8331,所属公司,邓州市云网电子科技有限公司
8332,所属公司,濮阳市华阳科技有限公司
8333,所属公司,湖南全域通信技术有限公司
8334,所属公司,兰州欣海宏信息科技有限公司
8335,所属公司,吉林吉大通信设计院股份有限公司
8336,所属公司,立定坚（广州）科技有限公司
8337,所属公司,成都中联华睿人工智能科技有限公司
8338,所属公司,北京金泰智博科技有限公司
8339,所属公司,海纳实业控股集团有限公司
8340,所属公司,广东科华乾昇云计算科技有限公司
8341,所属公司,江西省邮电规划设计院有限公司
8342,所属公司,山东华创时代互联科技有限公司
8343,所属公司,南宁同富科技有限公司
8344,所属公司,烟台启博信息技术服务有限公司
8345,所属公司,安徽创易科技有限公司
8346,所属公司,海南柏特信息科技有限公司
8347,所属公司,北京光网信通科技有限公司
8348,所属公司,吉林省惠畅科技有限公司
8349,所属公司,湖南网路信息技术有限责任公司
8350,所属公司,山东元飞信息技术有限公司
8351,所属公司,甘肃岚洋科技技术有限责任公司
8352,所属公司,蓝点触控（江门）科技有限公司
8353,所属公司,南京灏漫科技有限公司
8354,所属公司,安徽长新通信设备有限公司
8355,所属公司,广东智汇云科技有限公司
8356,所属公司,湖南康展互联网有限公司
8357,所属公司,长春市中移通科技有限公司
8358,所属公司,珠海华科云动力科技有限公司
8359,所属公司,山东悦尚信息科技有限公司
8360,所属公司,中国电信集团有限公司大连普兰店分公司
8361,所属公司,秦皇岛市文韬科技开发有限公司
8362,所属公司,广东华审工程咨询有限公司
8363,所属公司,唐山雪人科技有限公司
8364,所属公司,山西利伟信息技术股份有限公司
8365,所属公司,浙江吉宸电子科技有限公司
8366,所属公司,上海威锐电子科技股份有限公司
8367,所属公司,北京成骄科技有限公司
8368,所属公司,兰州华融电子科技有限公司
8369,所属公司,安徽智渊希创信息科技有限公司
8370,所属公司,湖南数存科技有限公司
8371,所属公司,营口市益千家建筑装饰有限公司
8372,所属公司,内蒙古圣邦科技有限公司
8373,所属公司,中国电信股份有限公司天津南开区广开四马路营业厅
8374,所属公司,昆明浩高元商贸有限公司贵阳分公司
8375,所属公司,广西南宁派能电子科技有限公司
8376,所属公司,成都积盛电子科技有限公司
8377,所属公司,江苏三人行通讯科技有限公司
8378,所属公司,河北因朵科技有限公司
8379,所属公司,盛视科技股份有限公司
8380,所属公司,广东奥博信息产业股份有限公司
8381,所属公司,积成电子股份有限公司
8382,所属公司,沈阳鸿运通科技有限公司大连第一分公司
8383,所属公司,西安芯源微科技有限公司
8384,所属公司,"
云软通
"
8385,所属公司,四川众鹤科技有限公司
8386,所属公司,芜湖熙诚信息科技有限公司
8387,所属公司,惠州市佰铭诚电子有限公司
8388,所属公司,安徽烽瑞通信科技有限公司
8389,所属公司,玫德雅昌（鹤壁）管业有限公司
8390,所属公司,太原沧维科技有限公司
8391,所属公司,北京天嘻文化传媒有限公司
8392,所属公司,安庆市智远软件服务有限公司
8393,所属公司,大连星诚科技有限公司
8394,所属公司,内蒙古安茂电子科技有限公司
8395,所属公司,浙江强大维知知识产权运营有限公司
8396,所属公司,联宇合达科技有限公司
8397,所属公司,山东省新联世纪信息科技有限责任公司
8398,所属公司,湖南维特智能物联科技有限公司
8399,所属公司,南京小驿物联科技有限公司
8400,所属公司,西安昱讯通信技术有限公司
8401,所属公司,深圳市瑞杰软件研发有限公司
8402,所属公司,内蒙古呼和浩特市立信电气技术有限责任公司
8403,所属公司,郑州旷临智能科技有限公司
8404,所属公司,深圳市中广控信息科技有限公司
8405,所属公司,北京朗辰科技投资有限公司
8406,所属公司,广西深联数据服务有限公司
8407,所属公司,新天科技股份有限公司
8408,所属公司,甘肃启程致远信息工程有限公司
8409,所属公司,陕西中宏电力科技有限公司
8410,所属公司,浩翰兴业科技有限公司河北分公司
8411,所属公司,山东丁数信息技术有限公司
8412,所属公司,漯河市思博环保科技有限公司
8413,所属公司,南京三坤软件科技有限公司
8414,所属公司,北京浩朴科技有限公司甘肃分公司
8415,所属公司,大连溪为润科技发展有限公司
8416,所属公司,通富微电子股份有限公司
8417,所属公司,江西法拉自动化科技有限公司
8418,所属公司,山西长河科技股份有限公司
8419,所属公司,山东科大中天安控科技有限公司
8420,所属公司,成都新瑞丰科技有限责任公司
8421,所属公司,吉林省合讯通信科技有限公司
8422,所属公司,兰州索贝信息系统集成有限公司
8423,所属公司,四川领创数智科技有限公司
8424,所属公司,兰州赛闻电子科技有限公司
8425,所属公司,黑龙江智诚民康信息技术有限公司
8426,所属公司,山东致中能源科技有限公司
8427,所属公司,西安优我科华视觉科技有限公司
8428,所属公司,聆音（广东）电子设备有限公司
8429,所属公司,云图信息（吉林）股份有限公司
8430,所属公司,济南德明电源设备有限公司
8431,所属公司,广东合盛智能技术有限公司
8432,所属公司,深圳精确信息技术有限公司
8433,所属公司,上海诺行信息技术有限公司
8434,所属公司,广西谦禧科技有限公司
8435,所属公司,广西君子行科技有限公司
8436,所属公司,天津天才博通科技有限公司
8437,所属公司,安徽波维电子科技有限公司
8438,所属公司,北京科沿在线科技有限公司
8439,所属公司,河南佳涵电子科技有限公司
8440,所属公司,佛山市凯粤知识产权有限公司
8441,所属公司,山东骏联信息科技有限公司
8442,所属公司,淮南市超人厨具电器有限公司
8443,所属公司,深圳世标检测认证股份有限公司
8444,所属公司,云南战思科技有限公司
8445,所属公司,绍兴共创知识产权服务有限公司
8446,所属公司,无锡惠友信息科技有限公司
8447,所属公司,安徽金晟达生物电子科技有限公司
8448,所属公司,泉州市创视智能科技有限公司
8449,所属公司,四川弘享信息技术有限公司
8450,所属公司,惠州市华阳多媒体电子有限公司
8451,所属公司,安徽银江智慧城市技术有限公司
8452,所属公司,北京精仪天和智能装备有限公司
8453,所属公司,福州福大自动化科技有限公司
8454,所属公司,湖南云河信息科技有限公司
8455,所属公司,洛阳市佳运医疗卫生用品有限公司
8456,所属公司,庆鼎精密电子（淮安）有限公司
8457,所属公司,杭州安恒信息技术股份有限公司
8458,所属公司,杭州诺威通信技术有限公司
8459,所属公司,河北创泰交通工程技术有限公司
8460,所属公司,成都盛都天毅科技有限公司
8461,所属公司,浙江德迅网络安全技术有限公司
8462,所属公司,西安润邦微波技术有限公司
8463,所属公司,湖南宇迈科技有限公司
8464,所属公司,江西讯道运营管理有限公司
8465,所属公司,河北中原工程项目管理有限公司
8466,所属公司,广州市欣南信息科技有限公司
8467,所属公司,四川英杰晨冉科技有限公司
8468,所属公司,北京北大软件工程股份有限公司
8469,所属公司,四川四财云友信息技术有限公司
8470,所属公司,河南金数网科信息技术有限公司
8471,所属公司,西宁创统电子有限公司
8472,所属公司,山东汇融电子设备有限公司
8473,所属公司,内蒙古誉铭科技发展有限公司
8474,所属公司,无锡艾迅自动化科技有限公司
8475,所属公司,河北迈思网络科技有限公司
8476,所属公司,楚天华通医药设备有限公司
8477,所属公司,深圳市远望谷信息技术股份有限公司
8478,所属公司,河南正坤建设工程咨询有限公司
8479,所属公司,安徽正合信息技术有限责任公司
8480,所属公司,山东广陌信息科技有限公司
8481,所属公司,杭州旗捷科技有限公司
8482,所属公司,石家庄君悦机电技术研究所
8483,所属公司,西安智企有道信息科技有限公司
8484,所属公司,河源思比电子有限公司
8485,所属公司,成都环盟科技有限公司
8486,所属公司,广州正心智能科技有限公司
8487,所属公司,荣电科技股份有限公司
8488,所属公司,仓好多供应链管理有限公司
8489,所属公司,东莞市鹏科工程建设有限公司
8490,所属公司,广东省中鼎检测技术有限公司
8491,所属公司,哈尔滨博实工业服务有限公司吉林分公司
8492,所属公司,茂名市东南高级技工学校
8493,所属公司,吉林省广润琪信息技术服务有限公司
8494,所属公司,积成电子股份有限公司
8495,所属公司,湖南网路信息技术有限责任公司
8496,所属公司,广州市伟粤通讯设备有限公司
8497,所属公司,广州市研恒计算机科技有限公司
8498,所属公司,吉林省惠畅科技有限公司
8499,所属公司,淮南市希望办公设备有限公司
8500,所属公司,盛视科技股份有限公司
8501,所属公司,中国电信股份有限公司天津南开区广开四马路营业厅
8502,所属公司,南京申瓯通信设备有限公司
8503,所属公司,河南昊琦科技有限公司
8504,所属公司,上海薪诚通信工程技术有限公司
8505,所属公司,北京光网信通科技有限公司
8506,所属公司,广东保伦电子股份有限公司
8507,所属公司,成都新瑞丰科技有限责任公司
8508,所属公司,华象观信（北京）科技有限公司
8509,所属公司,南京华淼电力科技有限公司
8510,所属公司,北京朗辰科技投资有限公司
8511,所属公司,广东科华乾昇云计算科技有限公司
8512,所属公司,上海肯汀通讯科技有限公司
8513,所属公司,河北中原工程项目管理有限公司
8514,所属公司,曙光信息产业（北京）有限公司
8515,所属公司,安徽长瑞科技有限公司
8516,所属公司,合肥海特微波科技有限公司
8517,所属公司,武汉世捷通网络信息技术有限公司
8518,所属公司,大连溪为润科技发展有限公司
8519,所属公司,河北晶玺源电子科技有限公司
8520,所属公司,上海辰光医疗科技股份有限公司
8521,所属公司,广州天诚伟业通信科技有限公司
8522,所属公司,南昌集火通信技术有限公司
8523,所属公司,南京云聚合信息技术有限公司
8524,所属公司,北京汇信通达通信技术有限公司
8525,所属公司,宁夏鼎翔通信工程有限公司
8526,所属公司,江西讯道运营管理有限公司
8527,所属公司,天宇正清科技有限公司
8528,所属公司,山东致中能源科技有限公司
8529,所属公司,绿盟科技集团股份有限公司
8530,所属公司,"
云软通
"
8531,所属公司,四川元朗科技有限公司
8532,所属公司,北京国际度假区有限公司
8533,所属公司,云南战思科技有限公司
8534,所属公司,铜陵青骄知识产权服务有限公司
8535,所属公司,济南荣沃信息技术有限公司
8536,所属公司,北京北大软件工程股份有限公司
8537,所属公司,上海盐普国际贸易有限公司
8538,所属公司,上海豪越电子科技有限公司
8539,所属公司,徐州云之启信息科技有限公司
8540,所属公司,安徽正合信息技术有限责任公司
8541,所属公司,北京讯维通达科技有限责任公司
8542,所属公司,天津天才博通科技有限公司
8543,所属公司,泰创科技股份有限公司
8544,所属公司,徐州凯思特机电科技有限公司
8545,所属公司,合肥捷腾知识产权代理有限公司
8546,所属公司,北京信同怡合电子科技有限公司
8547,所属公司,北京国研科技咨询有限公司浙江分公司
8548,所属公司,陕西智普瑞通科技有限公司
8549,所属公司,威顿（中国）化工有限责任公司贵阳分公司
8550,所属公司,山东骏联信息科技有限公司
8551,所属公司,北京盟力星科技有限公司
8552,所属公司,广西君子行科技有限公司
8553,所属公司,北京博瑞中恒科技有限公司
8554,所属公司,浙江八方电信有限公司
8555,所属公司,南京国电南思科技发展股份有限公司
8556,所属公司,嘉环科技股份有限公司
8557,所属公司,杭州永创智能设备股份有限公司
8558,所属公司,上海雷骥电子科技有限公司
8559,所属公司,上海海橘信息科技有限公司
8560,所属公司,北京中电拓方科技股份有限公司
8561,所属公司,北京维实嘉业网络科技有限公司
8562,所属公司,福州亿得隆电气技术有限公司
8563,所属公司,江苏达科信息科技有限公司
8564,所属公司,希姆西自动化（南京）有限公司
8565,所属公司,苏州易维迅信息科技有限公司
8566,所属公司,西安中兴精诚通讯有限公司
8567,所属公司,邯郸众新能电子科技有限公司
8568,所属公司,合肥欣言知识产权服务有限公司
8569,所属公司,深圳市淘晶驰电子有限公司
8570,所属公司,胜利油田胜利自动化开发有限责任公司
8571,所属公司,牧原食品股份有限公司
8572,所属公司,浙江德迅网络安全技术有限公司
8573,所属公司,杭州长川科技股份有限公司
8574,所属公司,珠海迈科智能科技股份有限公司
8575,所属公司,南京南林电子科技有限公司
8576,所属公司,南京千能智能科技有限公司
8577,所属公司,西安四叶草信息技术有限公司
8578,所属公司,江苏创为信息科技有限公司
8579,所属公司,新讯数字科技（杭州）有限公司
8580,所属公司,深圳好博窗控技术股份有限公司
8581,所属公司,上海中电电子系统科技股份有限公司
8582,所属公司,锐捷网络股份有限公司
8583,所属公司,深圳市软筑信息技术有限公司
8584,所属公司,上海欣诺通信技术股份有限公司
8585,所属公司,惠州市博实结科技有限公司
8586,所属公司,杭州铂艺家居科技有限公司
8587,所属公司,联强国际贸易（中国）有限公司
8588,所属公司,安固士（天津）建筑材料有限公司
8589,所属公司,苏州优品电子有限公司
8590,所属公司,湖南维创信息技术有限公司
8591,所属公司,深圳极联信息技术股份有限公司
8592,所属公司,杭州天泽电力工程有限公司
8593,所属公司,明阳产业技术研究院（沈阳）有限公司
8594,所属公司,南通濠云网络技术有限公司
8595,所属公司,中建材信息技术股份有限公司
8596,所属公司,中齐能源科技有限公司
8597,所属公司,重庆软维科技有限公司
8598,所属公司,南京盛佳建业科技有限责任公司
8599,所属公司,郑州酚蓝智能科技有限公司
8600,所属公司,上海纽琳克通信技术有限公司
8601,所属公司,福建锋冠科技有限公司
8602,所属公司,上海蒴达通信服务有限公司
8603,所属公司,北京众和永业科技发展有限公司
8604,所属公司,四川合颂科技有限公司
8605,所属公司,江西省亿发姆科技发展有限公司
8606,所属公司,福州市大吕网络科技有限公司
8607,所属公司,北京君通惠森通信技术有限公司
8608,所属公司,湖南和信智仿信息科技有限公司
8609,所属公司,河南智云数据信息技术股份有限公司
8610,所属公司,北京美联软通科技有限公司
8611,所属公司,湖北文钥信息科技有限公司
8612,所属公司,北京盛图蓝音数字系统技术有限公司
8613,所属公司,北京永恒之蓝信息技术有限公司
8614,所属公司,浙江瑞华昌信科技有限公司
8615,所属公司,北京高沃国际知识产权代理有限公司
8616,所属公司,广电计量检测集团股份有限公司
8617,所属公司,深圳市金华威数码科技有限公司
8618,所属公司,武汉市昌龙视听系统工程有限公司
8619,所属公司,阅动（广东）信息技术有限公司
8620,所属公司,深圳市昊源建设监理有限公司
8621,所属公司,智瞻科技股份有限公司
8622,所属公司,昆山讯能网络系统有限公司
8623,所属公司,山西外星人技术有限公司
8624,所属公司,上海柯渡医学科技股份有限公司
8625,所属公司,浙江摩根集团有限公司
8626,所属公司,无锡市同步电子科技有限公司
8627,所属公司,新疆便利圈电子商务有限公司
8628,所属公司,台州锦程知识产权代理有限公司
8629,所属公司,浙江领晨科技有限公司
8630,所属公司,苏禹水务科技（南京）有限公司
8631,所属公司,河北杰微科技有限公司武汉分公司
8632,所属公司,北京时代新威信息技术有限公司
8633,所属公司,重庆梅安森科技股份有限公司
8634,所属公司,深圳海昽科技有限公司
8635,所属公司,润建股份有限公司
8636,所属公司,联思智云（北京）科技有限公司
8637,所属公司,夸克云智科技（深圳）有限公司
8638,所属公司,内蒙古浩天智能科技有限责任公司
8639,所属公司,深圳市功程自动化设备有限公司
8640,所属公司,北京睿信丰科技有限公司
8641,所属公司,四川九州电子科技股份有限公司
8642,所属公司,北京东方昭阳科技发展有限公司
8643,所属公司,上海精传电子科技有限公司
8644,所属公司,江苏火星科技有限公司
8645,所属公司,硕能（上海）自动化科技有限公司
8646,所属公司,英业达（重庆）有限公司
8647,所属公司,上海瞳观智能科技有限公司
8648,所属公司,广西煜昇电子科技有限公司
8649,所属公司,陕西汇科实业有限公司
8650,所属公司,东莞市如一电子科技有限公司
8651,所属公司,中科行智（济南）智能科技有限公司
8652,所属公司,广州市威控机器人有限公司
8653,所属公司,上海米度测量技术有限公司
8654,所属公司,成都贝尔通讯实业有限公司
8655,所属公司,温州迅达电子科技有限公司
8656,所属公司,约翰芬雷工程技术（北京）有限公司
8657,所属公司,南京市仪器仪表工业供销有限公司
8658,所属公司,北京先进数通信息技术股份公司
8659,所属公司,广东溢达纺织有限公司
8660,所属公司,湖南科德信息咨询集团有限公司
8661,所属公司,江阴帕沃特起重机械有限公司
8662,所属公司,浙江汉商科技有限公司
8663,所属公司,福州富昌维控电子科技有限公司
8664,所属公司,山东绿成投资有限公司
8665,所属公司,北京黑马企服科技有限公司
8666,所属公司,浙江壹家壹品物联科技有限公司
8667,所属公司,武汉易通科技有限公司
8668,所属公司,常州时创能源股份有限公司
8669,所属公司,北京天弛网络有限公司
8670,所属公司,福州白松果网络科技有限公司
8671,所属公司,苏州超集信息科技有限公司
8672,所属公司,北卡科技有限公司
8673,所属公司,栗田超纯水设备（上海）有限公司
8674,所属公司,威海市乐家电子科技有限公司
8675,所属公司,北京恒润安科技有限公司
8676,所属公司,山东俊景信息科技有限公司
8677,所属公司,河北卓佳电子科技有限公司
8678,所属公司,深圳市恒力芯源电子科技有限公司
8679,所属公司,新疆华兴影捷档案管理有限公司
8680,所属公司,迷诺科技（重庆）有限公司
8681,所属公司,杭州摩科智能互联有限公司
8682,所属公司,杭州灵西机器人智能科技有限公司
8683,所属公司,成都腾云忆想科技有限公司
8684,所属公司,开利科技股份有限公司
8685,所属公司,深圳市网界科技有限公司
8686,所属公司,武汉极目盛创科技有限责任公司
8687,所属公司,北京宜通华瑞科技有限公司
8688,所属公司,浙江兰博基尼织造股份有限公司
8689,所属公司,深圳市星科启创新科技有限公司
8690,所属公司,四川众鹤科技有限公司
8691,所属公司,中才邦业（杭州）智能技术有限公司
8692,所属公司,沈阳瑞禾自动化技术有限公司
8693,所属公司,福州福光水务科技有限公司
8694,所属公司,上海壹八信息科技有限公司
8695,所属公司,"
小帆科技
"
8696,所属公司,无锡捷欣杰自动化科技有限公司
8697,所属公司,北京合信佳诚科技有限公司
8698,所属公司,北京易达新电气成套设备有限公司石家庄分公司
8699,所属公司,武汉信维世纪科技有限公司
8700,所属公司,政午（厦门）网络科技有限公司
8701,所属公司,成都元素科技有限公司
8702,所属公司,软通动力信息技术（集团）股份有限公司
8703,所属公司,京邮通联科技（北京）有限公司
8704,所属公司,北京中电联达信息技术有限公司
8705,所属公司,上海灏联信息科技有限公司
8706,所属公司,广州声视迪科技有限公司
8707,所属公司,郑州云智信安安全技术有限公司
8708,所属公司,深圳市有为通讯有限公司
8709,所属公司,廊坊博联科技发展有限公司
8710,所属公司,上海乾刚科技信息有限公司
8711,所属公司,亿维云数字技术（山东）有限公司
8712,所属公司,三一智矿科技有限公司
8713,所属公司,北京鸿飞新业物联网科技有限公司
8714,所属公司,深圳市纵贯无限科技有限公司
8715,所属公司,华雁智能科技（集团）股份有限公司
8716,所属公司,成都宏恒信息科技有限公司
8717,所属公司,上海衡翔网络科技有限公司
8718,所属公司,北京成鑫盈通科技有限公司
8719,所属公司,天津信熙缘科技有限公司
8720,所属公司,北京拓盛电子科技有限公司
8721,所属公司,上海大诚若谷信息科技有限公司
8722,所属公司,东方日升新能源股份有限公司
8723,所属公司,广西宝信迪科技有限公司
8724,所属公司,安徽易迈金工业科技有限公司
8725,所属公司,深圳中恒检测技术有限公司
8726,所属公司,无锡斯姆捷仪器设备有限公司
8727,所属公司,上海斐德通信科技有限公司
8728,所属公司,青岛天安智达科技有限公司
8729,所属公司,巍德谊产品检测技术（上海）有限公司广州分公司
8730,所属公司,成都新纳科技有限责任公司
8731,所属公司,天津名将文化传播有限责任公司
8732,所属公司,触景无限科技（北京）有限公司
8733,所属公司,云南凌硕科技有限公司
8734,所属公司,中正信造价咨询有限公司
8735,所属公司,陕西贝志网络科技有限公司
8736,所属公司,普天信息工程设计服务有限公司
8737,所属公司,广州华灯科技有限公司
8738,所属公司,泉州禾逸电子有限公司
8739,所属公司,上海帆声图像科技有限公司
8740,所属公司,苏州雷博亚仪器有限公司
8741,所属公司,湖北大数元科技发展有限公司
8742,所属公司,山西众诚联创科技有限公司
8743,所属公司,佛山市共拓智能科技有限公司
8744,所属公司,珠海上富电技股份有限公司
8745,所属公司,甘肃国信安全信息服务有限公司
8746,所属公司,上海海橘信息科技有限公司
8747,所属公司,苏州德秀信息科技服务有限公司
8748,所属公司,玉晶光电（厦门）有限公司
8749,所属公司,咸亨国际（杭州）电气制造有限公司
8750,所属公司,江苏晟能科技有限公司
8751,所属公司,江苏前卫科技有限公司
8752,所属公司,山东未来机器人有限公司
8753,所属公司,安徽中博智能科技有限公司
8754,所属公司,长鹰恒容电磁科技（成都）有限公司
8755,所属公司,湖北新菱机电工程有限公司
8756,所属公司,濮阳上亿置业有限公司
8757,所属公司,武汉麦尔盛科技有限公司
8758,所属公司,深圳市共济科技股份有限公司
8759,所属公司,上海企想信息技术有限公司
8760,所属公司,苏州中科行智智能科技有限公司
8761,所属公司,匹创智能科技（上海）有限公司
